1535205100,s3-eth1,0.00,0.00,0.00,0,0,0.00,0.00,0.00,0,0,0.00,0.00,0,0
1535205100,s1-eth2,0.00,0.00,0.00,0,0,0.00,0.00,0.00,0,0,0.00,0.00,0,0
1535205100,s2-eth1,0.00,0.00,0.00,0,0,0.00,0.00,0.00,0,0,0.00,0.00,0,0
1535205100,lo,0.00,0.00,0.00,0,0,0.00,0.00,0.00,0,0,0.00,0.00,0,0
1535205100,s3-eth2,0.00,0.00,0.00,0,0,0.00,0.00,0.00,0,0,0.00,0.00,0,0
1535205100,s1-eth1,0.00,0.00,0.00,0,0,0.00,0.00,0.00,0,0,0.00,0.00,0,0
1535205100,s2-eth2,0.00,0.00,0.00,0,0,0.00,0.00,0.00,0,0,0.00,0.00,0,0
1535205100,eth1,0.00,0.00,0.00,0,0,0.00,0.00,0.00,0,0,0.00,0.00,0,0
1535205100,eth0,0.00,0.00,0.00,0,0,0.00,0.00,0.00,0,0,0.00,0.00,0,0
1535205100,total,0.00,0.00,0.00,0,0,0.00,0.00,0.00,0,0,0.00,0.00,0,0
1535205101,s3-eth1,1113976.00,23496.00,1137472.00,23496,1113976,380.00,356.00,736.00,356,380,0.00,0.00,0,0
1535205101,s1-eth2,23826.00,1113976.00,1137802.00,1113976,23826,361.00,380.00,741.00,380,361,0.00,0.00,0,0
1535205101,s2-eth1,1113976.00,23826.00,1137802.00,23826,1113976,380.00,361.00,741.00,361,380,0.00,0.00,0,0
1535205101,lo,0.00,0.00,0.00,0,0,0.00,0.00,0.00,0,0,0.00,0.00,0,0
1535205101,s3-eth2,23232.00,1113976.00,1137208.00,1113976,23232,352.00,380.00,732.00,380,352,0.00,0.00,0,0
1535205101,s1-eth1,1102128.00,24024.00,1126152.00,24024,1102128,376.00,364.00,740.00,364,376,0.00,0.00,0,0
1535205101,s2-eth2,23496.00,1111014.00,1134510.00,1111014,23496,356.00,379.00,735.00,379,356,0.00,0.00,0,0
1535205101,eth1,0.00,0.00,0.00,0,0,0.00,0.00,0.00,0,0,0.00,0.00,0,0
1535205101,eth0,0.00,0.00,0.00,0,0,0.00,0.00,0.00,0,0,0.00,0.00,0,0
1535205101,total,3400634.00,3410312.00,6810946.00,3410312,3400634,2205.00,2220.00,4425.00,2220,2205,0.00,0.00,0,0
1535205102,s3-eth1,1222452.00,26664.00,1249116.00,26664,1222452,422.00,404.00,826.00,404,422,0.00,0.00,0,0
1535205102,s1-eth2,26598.00,1223900.00,1250498.00,1223900,26598,403.00,422.00,825.00,422,403,0.00,0.00,0,0
1535205102,s2-eth1,1223900.00,26598.00,1250498.00,26598,1223900,422.00,403.00,825.00,403,422,0.00,0.00,0,0
1535205102,lo,0.00,0.00,0.00,0,0,0.00,0.00,0.00,0,0,0.00,0.00,0,0
1535205102,s3-eth2,26664.00,1225414.00,1252078.00,1225414,26664,404.00,423.00,827.00,423,404,0.00,0.00,0,0
1535205102,s1-eth1,1223900.00,26664.00,1250564.00,26664,1223900,422.00,404.00,826.00,404,422,0.00,0.00,0,0
1535205102,s2-eth2,26664.00,1222452.00,1249116.00,1222452,26664,404.00,422.00,826.00,422,404,0.00,0.00,0,0
1535205102,eth1,0.00,0.00,0.00,0,0,0.00,0.00,0.00,0,0,0.00,0.00,0,0
1535205102,eth0,0.00,0.00,0.00,0,0,0.00,0.00,0.00,0,0,0.00,0.00,0,0
1535205102,total,3750178.00,3751692.00,7501870.00,3751692,3750178,2477.00,2478.00,4955.00,2478,2477,0.00,0.00,0,0
1535205103,s3-eth1,1223900.00,26664.00,1250564.00,26664,1223900,422.00,404.00,826.00,404,422,0.00,0.00,0,0
1535205103,s1-eth2,26664.00,1222452.00,1249116.00,1222452,26664,404.00,422.00,826.00,422,404,0.00,0.00,0,0
1535205103,s2-eth1,1222452.00,26664.00,1249116.00,26664,1222452,422.00,404.00,826.00,404,422,0.00,0.00,0,0
1535205103,lo,0.00,0.00,0.00,0,0,0.00,0.00,0.00,0,0,0.00,0.00,0,0
1535205103,s3-eth2,26664.00,1220938.00,1247602.00,1220938,26664,404.00,421.00,825.00,421,404,0.00,0.00,0,0
1535205103,s1-eth1,1223900.00,26664.00,1250564.00,26664,1223900,422.00,404.00,826.00,404,422,0.00,0.00,0,0
1535205103,s2-eth2,26664.00,1223900.00,1250564.00,1223900,26664,404.00,422.00,826.00,422,404,0.00,0.00,0,0
1535205103,eth1,0.00,0.00,0.00,0,0,0.00,0.00,0.00,0,0,0.00,0.00,0,0
1535205103,eth0,0.00,0.00,0.00,0,0,0.00,0.00,0.00,0,0,0.00,0.00,0,0
1535205103,total,3750244.00,3747282.00,7497526.00,3747282,3750244,2478.00,2477.00,4955.00,2477,2478,0.00,0.00,0,0
1535205104,s3-eth1,1223900.00,26664.00,1250564.00,26664,1223900,422.00,404.00,826.00,404,422,0.00,0.00,0,0
1535205104,s1-eth2,26664.00,1223900.00,1250564.00,1223900,26664,404.00,422.00,826.00,422,404,0.00,0.00,0,0
1535205104,s2-eth1,1223900.00,26664.00,1250564.00,26664,1223900,422.00,404.00,826.00,404,422,0.00,0.00,0,0
1535205104,lo,0.00,0.00,0.00,0,0,0.00,0.00,0.00,0,0,0.00,0.00,0,0
1535205104,s3-eth2,26598.00,1223900.00,1250498.00,1223900,26598,403.00,422.00,825.00,422,403,0.00,0.00,0,0
1535205104,s1-eth1,1225414.00,26598.00,1252012.00,26598,1225414,423.00,403.00,826.00,403,423,0.00,0.00,0,0
1535205104,s2-eth2,26664.00,1223900.00,1250564.00,1223900,26664,404.00,422.00,826.00,422,404,0.00,0.00,0,0
1535205104,eth1,0.00,0.00,0.00,0,0,0.00,0.00,0.00,0,0,0.00,0.00,0,0
1535205104,eth0,0.00,0.00,0.00,0,0,0.00,0.00,0.00,0,0,0.00,0.00,0,0
1535205104,total,3753140.00,3751626.00,7504766.00,3751626,3753140,2478.00,2477.00,4955.00,2477,2478,0.00,0.00,0,0
1535205105,s3-eth1,1225414.00,26664.00,1252078.00,26664,1225414,423.00,404.00,827.00,404,423,0.00,0.00,0,0
1535205105,s1-eth2,26664.00,1223900.00,1250564.00,1223900,26664,404.00,422.00,826.00,422,404,0.00,0.00,0,0
1535205105,s2-eth1,1223900.00,26664.00,1250564.00,26664,1223900,422.00,404.00,826.00,404,422,0.00,0.00,0,0
1535205105,lo,516.00,516.00,1032.00,516,516,9.00,9.00,18.00,9,9,0.00,0.00,0,0
1535205105,s3-eth2,26730.00,1225414.00,1252144.00,1225414,26730,405.00,423.00,828.00,423,405,0.00,0.00,0,0
1535205105,s1-eth1,1223900.00,26730.00,1250630.00,26730,1223900,422.00,405.00,827.00,405,422,0.00,0.00,0,0
1535205105,s2-eth2,26664.00,1225414.00,1252078.00,1225414,26664,404.00,423.00,827.00,423,404,0.00,0.00,0,0
1535205105,eth1,0.00,0.00,0.00,0,0,0.00,0.00,0.00,0,0,0.00,0.00,0,0
1535205105,eth0,0.00,0.00,0.00,0,0,0.00,0.00,0.00,0,0,0.00,0.00,0,0
1535205105,total,3753788.00,3755302.00,7509090.00,3755302,3753788,2489.00,2490.00,4979.00,2490,2489,0.00,0.00,0,0
1535205106,s3-eth1,1220938.00,26862.00,1247800.00,26862,1220938,421.00,407.00,828.00,407,421,0.00,0.00,0,0
1535205106,s1-eth2,26862.00,1222452.00,1249314.00,1222452,26862,407.00,422.00,829.00,422,407,0.00,0.00,0,0
1535205106,s2-eth1,1222452.00,26862.00,1249314.00,26862,1222452,422.00,407.00,829.00,407,422,0.00,0.00,0,0
1535205106,lo,0.00,0.00,0.00,0,0,0.00,0.00,0.00,0,0,0.00,0.00,0,0
1535205106,s3-eth2,26862.00,1223900.00,1250762.00,1223900,26862,407.00,422.00,829.00,422,407,0.00,0.00,0,0
1535205106,s1-eth1,1222452.00,26862.00,1249314.00,26862,1222452,422.00,407.00,829.00,407,422,0.00,0.00,0,0
1535205106,s2-eth2,26862.00,1220938.00,1247800.00,1220938,26862,407.00,421.00,828.00,421,407,0.00,0.00,0,0
1535205106,eth1,0.00,0.00,0.00,0,0,0.00,0.00,0.00,0,0,0.00,0.00,0,0
1535205106,eth0,0.00,0.00,0.00,0,0,0.00,0.00,0.00,0,0,0.00,0.00,0,0
1535205106,total,3746428.00,3747876.00,7494304.00,3747876,3746428,2486.00,2486.00,4972.00,2486,2486,0.00,0.00,0,0
1535205107,s3-eth1,1223900.00,26730.00,1250630.00,26730,1223900,422.00,405.00,827.00,405,422,0.00,0.00,0,0
1535205107,s1-eth2,26730.00,1223900.00,1250630.00,1223900,26730,405.00,422.00,827.00,422,405,0.00,0.00,0,0
1535205107,s2-eth1,1223900.00,26730.00,1250630.00,26730,1223900,422.00,405.00,827.00,405,422,0.00,0.00,0,0
1535205107,lo,0.00,0.00,0.00,0,0,0.00,0.00,0.00,0,0,0.00,0.00,0,0
1535205107,s3-eth2,26730.00,1223900.00,1250630.00,1223900,26730,405.00,422.00,827.00,422,405,0.00,0.00,0,0
1535205107,s1-eth1,1223900.00,26730.00,1250630.00,26730,1223900,422.00,405.00,827.00,405,422,0.00,0.00,0,0
1535205107,s2-eth2,26730.00,1223900.00,1250630.00,1223900,26730,405.00,422.00,827.00,422,405,0.00,0.00,0,0
1535205107,eth1,0.00,0.00,0.00,0,0,0.00,0.00,0.00,0,0,0.00,0.00,0,0
1535205107,eth0,0.00,0.00,0.00,0,0,0.00,0.00,0.00,0,0,0.00,0.00,0,0
1535205107,total,3751890.00,3751890.00,7503780.00,3751890,3751890,2481.00,2481.00,4962.00,2481,2481,0.00,0.00,0,0
1535205108,s3-eth1,1226800.00,25674.00,1252474.00,25674,1226800,444.00,389.00,833.00,389,444,0.00,0.00,0,0
1535205108,s1-eth2,25674.00,1225286.00,1250960.00,1225286,25674,389.00,443.00,832.00,443,389,0.00,0.00,0,0
1535205108,s2-eth1,1225286.00,25674.00,1250960.00,25674,1225286,443.00,389.00,832.00,389,443,0.00,0.00,0,0
1535205108,lo,0.00,0.00,0.00,0,0,0.00,0.00,0.00,0,0,0.00,0.00,0,0
1535205108,s3-eth2,25674.00,1223838.00,1249512.00,1223838,25674,389.00,443.00,832.00,443,389,0.00,0.00,0,0
1535205108,s1-eth1,1225286.00,25740.00,1251026.00,25740,1225286,443.00,390.00,833.00,390,443,0.00,0.00,0,0
1535205108,s2-eth2,25674.00,1226800.00,1252474.00,1226800,25674,389.00,444.00,833.00,444,389,0.00,0.00,0,0
1535205108,eth1,0.00,0.00,0.00,0,0,0.00,0.00,0.00,0,0,0.00,0.00,0,0
1535205108,eth0,0.00,0.00,0.00,0,0,0.00,0.00,0.00,0,0,0.00,0.00,0,0
1535205108,total,3754394.00,3753012.00,7507406.00,3753012,3754394,2497.00,2498.00,4995.00,2498,2497,0.00,0.00,0,0
1535205109,s3-eth1,1223900.00,26664.00,1250564.00,26664,1223900,422.00,404.00,826.00,404,422,0.00,0.00,0,0
1535205109,s1-eth2,26664.00,1222452.00,1249116.00,1222452,26664,404.00,422.00,826.00,422,404,0.00,0.00,0,0
1535205109,s2-eth1,1222452.00,26664.00,1249116.00,26664,1222452,422.00,404.00,826.00,404,422,0.00,0.00,0,0
1535205109,lo,0.00,0.00,0.00,0,0,0.00,0.00,0.00,0,0,0.00,0.00,0,0
1535205109,s3-eth2,26664.00,1223900.00,1250564.00,1223900,26664,404.00,422.00,826.00,422,404,0.00,0.00,0,0
1535205109,s1-eth1,1222452.00,26664.00,1249116.00,26664,1222452,422.00,404.00,826.00,404,422,0.00,0.00,0,0
1535205109,s2-eth2,26664.00,1223900.00,1250564.00,1223900,26664,404.00,422.00,826.00,422,404,0.00,0.00,0,0
1535205109,eth1,0.00,0.00,0.00,0,0,0.00,0.00,0.00,0,0,0.00,0.00,0,0
1535205109,eth0,0.00,0.00,0.00,0,0,0.00,0.00,0.00,0,0,0.00,0.00,0,0
1535205109,total,3748796.00,3750244.00,7499040.00,3750244,3748796,2478.00,2478.00,4956.00,2478,2478,0.00,0.00,0,0
1535205110,s3-eth1,1223900.00,26664.00,1250564.00,26664,1223900,422.00,404.00,826.00,404,422,0.00,0.00,0,0
1535205110,s1-eth2,26664.00,1226862.00,1253526.00,1226862,26664,404.00,423.00,827.00,423,404,0.00,0.00,0,0
1535205110,s2-eth1,1226862.00,26664.00,1253526.00,26664,1226862,423.00,404.00,827.00,404,423,0.00,0.00,0,0
1535205110,lo,516.00,516.00,1032.00,516,516,9.00,9.00,18.00,9,9,0.00,0.00,0,0
1535205110,s3-eth2,26664.00,1225414.00,1252078.00,1225414,26664,404.00,423.00,827.00,423,404,0.00,0.00,0,0
1535205110,s1-eth1,1223900.00,26598.00,1250498.00,26598,1223900,422.00,403.00,825.00,403,422,0.00,0.00,0,0
1535205110,s2-eth2,26664.00,1223900.00,1250564.00,1223900,26664,404.00,422.00,826.00,422,404,0.00,0.00,0,0
1535205110,eth1,0.00,0.00,0.00,0,0,0.00,0.00,0.00,0,0,0.00,0.00,0,0
1535205110,eth0,0.00,0.00,0.00,0,0,0.00,0.00,0.00,0,0,0.00,0.00,0,0
1535205110,total,3755170.00,3756618.00,7511788.00,3756618,3755170,2488.00,2488.00,4976.00,2488,2488,0.00,0.00,0,0
1535205111,s3-eth1,1222452.00,26664.00,1249116.00,26664,1222452,422.00,404.00,826.00,404,422,0.00,0.00,0,0
1535205111,s1-eth2,26664.00,1220938.00,1247602.00,1220938,26664,404.00,421.00,825.00,421,404,0.00,0.00,0,0
1535205111,s2-eth1,1220938.00,26664.00,1247602.00,26664,1220938,421.00,404.00,825.00,404,421,0.00,0.00,0,0
1535205111,lo,0.00,0.00,0.00,0,0,0.00,0.00,0.00,0,0,0.00,0.00,0,0
1535205111,s3-eth2,26598.00,1223900.00,1250498.00,1223900,26598,403.00,422.00,825.00,422,403,0.00,0.00,0,0
1535205111,s1-eth1,1223900.00,26664.00,1250564.00,26664,1223900,422.00,404.00,826.00,404,422,0.00,0.00,0,0
1535205111,s2-eth2,26664.00,1222452.00,1249116.00,1222452,26664,404.00,422.00,826.00,422,404,0.00,0.00,0,0
1535205111,eth1,0.00,0.00,0.00,0,0,0.00,0.00,0.00,0,0,0.00,0.00,0,0
1535205111,eth0,0.00,0.00,0.00,0,0,0.00,0.00,0.00,0,0,0.00,0.00,0,0
1535205111,total,3747216.00,3747282.00,7494498.00,3747282,3747216,2476.00,2477.00,4953.00,2477,2476,0.00,0.00,0,0
1535205112,s3-eth1,1223900.00,26664.00,1250564.00,26664,1223900,422.00,404.00,826.00,404,422,0.00,0.00,0,0
1535205112,s1-eth2,26664.00,1225414.00,1252078.00,1225414,26664,404.00,423.00,827.00,423,404,0.00,0.00,0,0
1535205112,s2-eth1,1225414.00,26664.00,1252078.00,26664,1225414,423.00,404.00,827.00,404,423,0.00,0.00,0,0
1535205112,lo,0.00,0.00,0.00,0,0,0.00,0.00,0.00,0,0,0.00,0.00,0,0
1535205112,s3-eth2,26664.00,1220938.00,1247602.00,1220938,26664,404.00,421.00,825.00,421,404,0.00,0.00,0,0
1535205112,s1-eth1,1225414.00,26664.00,1252078.00,26664,1225414,423.00,404.00,827.00,404,423,0.00,0.00,0,0
1535205112,s2-eth2,26664.00,1223900.00,1250564.00,1223900,26664,404.00,422.00,826.00,422,404,0.00,0.00,0,0
1535205112,eth1,0.00,0.00,0.00,0,0,0.00,0.00,0.00,0,0,0.00,0.00,0,0
1535205112,eth0,0.00,0.00,0.00,0,0,0.00,0.00,0.00,0,0,0.00,0.00,0,0
1535205112,total,3754720.00,3750244.00,7504964.00,3750244,3754720,2480.00,2478.00,4958.00,2478,2480,0.00,0.00,0,0
1535205113,s3-eth1,1223900.00,26664.00,1250564.00,26664,1223900,422.00,404.00,826.00,404,422,0.00,0.00,0,0
1535205113,s1-eth2,26598.00,1223900.00,1250498.00,1223900,26598,403.00,422.00,825.00,422,403,0.00,0.00,0,0
1535205113,s2-eth1,1223900.00,26598.00,1250498.00,26598,1223900,422.00,403.00,825.00,403,422,0.00,0.00,0,0
1535205113,lo,0.00,0.00,0.00,0,0,0.00,0.00,0.00,0,0,0.00,0.00,0,0
1535205113,s3-eth2,26664.00,1225414.00,1252078.00,1225414,26664,404.00,423.00,827.00,423,404,0.00,0.00,0,0
1535205113,s1-eth1,1223900.00,26598.00,1250498.00,26598,1223900,422.00,403.00,825.00,403,422,0.00,0.00,0,0
1535205113,s2-eth2,26664.00,1223900.00,1250564.00,1223900,26664,404.00,422.00,826.00,422,404,0.00,0.00,0,0
1535205113,eth1,0.00,0.00,0.00,0,0,0.00,0.00,0.00,0,0,0.00,0.00,0,0
1535205113,eth0,0.00,0.00,0.00,0,0,0.00,0.00,0.00,0,0,0.00,0.00,0,0
1535205113,total,3751626.00,3753074.00,7504700.00,3753074,3751626,2477.00,2477.00,4954.00,2477,2477,0.00,0.00,0,0
1535205114,s3-eth1,1225414.00,26598.00,1252012.00,26598,1225414,423.00,403.00,826.00,403,423,0.00,0.00,0,0
1535205114,s1-eth2,26664.00,1222452.00,1249116.00,1222452,26664,404.00,422.00,826.00,422,404,0.00,0.00,0,0
1535205114,s2-eth1,1222452.00,26664.00,1249116.00,26664,1222452,422.00,404.00,826.00,404,422,0.00,0.00,0,0
1535205114,lo,0.00,0.00,0.00,0,0,0.00,0.00,0.00,0,0,0.00,0.00,0,0
1535205114,s3-eth2,26664.00,1223900.00,1250564.00,1223900,26664,404.00,422.00,826.00,422,404,0.00,0.00,0,0
1535205114,s1-eth1,1223900.00,26664.00,1250564.00,26664,1223900,422.00,404.00,826.00,404,422,0.00,0.00,0,0
1535205114,s2-eth2,26598.00,1225414.00,1252012.00,1225414,26598,403.00,423.00,826.00,423,403,0.00,0.00,0,0
1535205114,eth1,0.00,0.00,0.00,0,0,0.00,0.00,0.00,0,0,0.00,0.00,0,0
1535205114,eth0,252.00,392.00,644.00,392,252,3.00,2.00,5.00,2,3,0.00,0.00,0,0
1535205114,total,3751944.00,3752084.00,7504028.00,3752084,3751944,2481.00,2480.00,4961.00,2480,2481,0.00,0.00,0,0
1535205115,s3-eth1,1225814.00,25542.00,1251356.00,25542,1225814,451.00,387.00,838.00,387,451,0.00,0.00,0,0
1535205115,s1-eth2,25542.00,1225814.00,1251356.00,1225814,25542,387.00,451.00,838.00,451,387,0.00,0.00,0,0
1535205115,s2-eth1,1225814.00,25542.00,1251356.00,25542,1225814,451.00,387.00,838.00,387,451,0.00,0.00,0,0
1535205115,lo,516.00,516.00,1032.00,516,516,9.00,9.00,18.00,9,9,0.00,0.00,0,0
1535205115,s3-eth2,25542.00,1225814.00,1251356.00,1225814,25542,387.00,451.00,838.00,451,387,0.00,0.00,0,0
1535205115,s1-eth1,1224366.00,25542.00,1249908.00,25542,1224366,451.00,387.00,838.00,387,451,0.00,0.00,0,0
1535205115,s2-eth2,25542.00,1225814.00,1251356.00,1225814,25542,387.00,451.00,838.00,451,387,0.00,0.00,0,0
1535205115,eth1,0.00,0.00,0.00,0,0,0.00,0.00,0.00,0,0,0.00,0.00,0,0
1535205115,eth0,0.00,0.00,0.00,0,0,0.00,0.00,0.00,0,0,0.00,0.00,0,0
1535205115,total,3753136.00,3754584.00,7507720.00,3754584,3753136,2523.00,2523.00,5046.00,2523,2523,0.00,0.00,0,0
1535205116,s3-eth1,1223900.00,26598.00,1250498.00,26598,1223900,422.00,403.00,825.00,403,422,0.00,0.00,0,0
1535205116,s1-eth2,26664.00,1223900.00,1250564.00,1223900,26664,404.00,422.00,826.00,422,404,0.00,0.00,0,0
1535205116,s2-eth1,1223900.00,26664.00,1250564.00,26664,1223900,422.00,404.00,826.00,404,422,0.00,0.00,0,0
1535205116,lo,0.00,0.00,0.00,0,0,0.00,0.00,0.00,0,0,0.00,0.00,0,0
1535205116,s3-eth2,26664.00,1222452.00,1249116.00,1222452,26664,404.00,422.00,826.00,422,404,0.00,0.00,0,0
1535205116,s1-eth1,1223900.00,26664.00,1250564.00,26664,1223900,422.00,404.00,826.00,404,422,0.00,0.00,0,0
1535205116,s2-eth2,26598.00,1223900.00,1250498.00,1223900,26598,403.00,422.00,825.00,422,403,0.00,0.00,0,0
1535205116,eth1,0.00,0.00,0.00,0,0,0.00,0.00,0.00,0,0,0.00,0.00,0,0
1535205116,eth0,0.00,0.00,0.00,0,0,0.00,0.00,0.00,0,0,0.00,0.00,0,0
1535205116,total,3751626.00,3750178.00,7501804.00,3750178,3751626,2477.00,2477.00,4954.00,2477,2477,0.00,0.00,0,0
1535205117,s3-eth1,1222452.00,26664.00,1249116.00,26664,1222452,422.00,404.00,826.00,404,422,0.00,0.00,0,0
1535205117,s1-eth2,26664.00,1225414.00,1252078.00,1225414,26664,404.00,423.00,827.00,423,404,0.00,0.00,0,0
1535205117,s2-eth1,1225414.00,26664.00,1252078.00,26664,1225414,423.00,404.00,827.00,404,423,0.00,0.00,0,0
1535205117,lo,0.00,0.00,0.00,0,0,0.00,0.00,0.00,0,0,0.00,0.00,0,0
1535205117,s3-eth2,26598.00,1223900.00,1250498.00,1223900,26598,403.00,422.00,825.00,422,403,0.00,0.00,0,0
1535205117,s1-eth1,1223900.00,26664.00,1250564.00,26664,1223900,422.00,404.00,826.00,404,422,0.00,0.00,0,0
1535205117,s2-eth2,26730.00,1222452.00,1249182.00,1222452,26730,405.00,422.00,827.00,422,405,0.00,0.00,0,0
1535205117,eth1,0.00,0.00,0.00,0,0,0.00,0.00,0.00,0,0,0.00,0.00,0,0
1535205117,eth0,0.00,0.00,0.00,0,0,0.00,0.00,0.00,0,0,0.00,0.00,0,0
1535205117,total,3751758.00,3751758.00,7503516.00,3751758,3751758,2479.00,2479.00,4958.00,2479,2479,0.00,0.00,0,0
1535205118,s3-eth1,1220938.00,26664.00,1247602.00,26664,1220938,421.00,404.00,825.00,404,421,0.00,0.00,0,0
1535205118,s1-eth2,26598.00,1220938.00,1247536.00,1220938,26598,403.00,421.00,824.00,421,403,0.00,0.00,0,0
1535205118,s2-eth1,1220938.00,26598.00,1247536.00,26598,1220938,421.00,403.00,824.00,403,421,0.00,0.00,0,0
1535205118,lo,0.00,0.00,0.00,0,0,0.00,0.00,0.00,0,0,0.00,0.00,0,0
1535205118,s3-eth2,26664.00,1223900.00,1250564.00,1223900,26664,404.00,422.00,826.00,422,404,0.00,0.00,0,0
1535205118,s1-eth1,1222452.00,26598.00,1249050.00,26598,1222452,422.00,403.00,825.00,403,422,0.00,0.00,0,0
1535205118,s2-eth2,26598.00,1220938.00,1247536.00,1220938,26598,403.00,421.00,824.00,421,403,0.00,0.00,0,0
1535205118,eth1,0.00,0.00,0.00,0,0,0.00,0.00,0.00,0,0,0.00,0.00,0,0
1535205118,eth0,90.00,0.00,90.00,0,90,1.00,0.00,1.00,0,1,0.00,0.00,0,0
1535205118,total,3744278.00,3745636.00,7489914.00,3745636,3744278,2475.00,2474.00,4949.00,2474,2475,0.00,0.00,0,0
1535205119,s3-eth1,1223900.00,26598.00,1250498.00,26598,1223900,422.00,403.00,825.00,403,422,0.00,0.00,0,0
1535205119,s1-eth2,26664.00,1223900.00,1250564.00,1223900,26664,404.00,422.00,826.00,422,404,0.00,0.00,0,0
1535205119,s2-eth1,1223900.00,26664.00,1250564.00,26664,1223900,422.00,404.00,826.00,404,422,0.00,0.00,0,0
1535205119,lo,0.00,0.00,0.00,0,0,0.00,0.00,0.00,0,0,0.00,0.00,0,0
1535205119,s3-eth2,26664.00,1222452.00,1249116.00,1222452,26664,404.00,422.00,826.00,422,404,0.00,0.00,0,0
1535205119,s1-eth1,1223900.00,26664.00,1250564.00,26664,1223900,422.00,404.00,826.00,404,422,0.00,0.00,0,0
1535205119,s2-eth2,26598.00,1223900.00,1250498.00,1223900,26598,403.00,422.00,825.00,422,403,0.00,0.00,0,0
1535205119,eth1,0.00,0.00,0.00,0,0,0.00,0.00,0.00,0,0,0.00,0.00,0,0
1535205119,eth0,60.00,60.00,120.00,60,60,1.00,1.00,2.00,1,1,0.00,0.00,0,0
1535205119,total,3751686.00,3750238.00,7501924.00,3750238,3751686,2478.00,2478.00,4956.00,2478,2478,0.00,0.00,0,0
1535205120,s3-eth1,1225414.00,26664.00,1252078.00,26664,1225414,423.00,404.00,827.00,404,423,0.00,0.00,0,0
1535205120,s1-eth2,26664.00,1225414.00,1252078.00,1225414,26664,404.00,423.00,827.00,423,404,0.00,0.00,0,0
1535205120,s2-eth1,1225414.00,26664.00,1252078.00,26664,1225414,423.00,404.00,827.00,404,423,0.00,0.00,0,0
1535205120,lo,516.00,516.00,1032.00,516,516,9.00,9.00,18.00,9,9,0.00,0.00,0,0
1535205120,s3-eth2,26598.00,1223900.00,1250498.00,1223900,26598,403.00,422.00,825.00,422,403,0.00,0.00,0,0
1535205120,s1-eth1,1223900.00,26664.00,1250564.00,26664,1223900,422.00,404.00,826.00,404,422,0.00,0.00,0,0
1535205120,s2-eth2,26664.00,1225414.00,1252078.00,1225414,26664,404.00,423.00,827.00,423,404,0.00,0.00,0,0
1535205120,eth1,0.00,0.00,0.00,0,0,0.00,0.00,0.00,0,0,0.00,0.00,0,0
1535205120,eth0,0.00,0.00,0.00,0,0,0.00,0.00,0.00,0,0,0.00,0.00,0,0
1535205120,total,3755170.00,3755236.00,7510406.00,3755236,3755170,2488.00,2489.00,4977.00,2489,2488,0.00,0.00,0,0
1535205121,s3-eth1,1223900.00,26664.00,1250564.00,26664,1223900,422.00,404.00,826.00,404,422,0.00,0.00,0,0
1535205121,s1-eth2,26598.00,1223900.00,1250498.00,1223900,26598,403.00,422.00,825.00,422,403,0.00,0.00,0,0
1535205121,s2-eth1,1223900.00,26598.00,1250498.00,26598,1223900,422.00,403.00,825.00,403,422,0.00,0.00,0,0
1535205121,lo,0.00,0.00,0.00,0,0,0.00,0.00,0.00,0,0,0.00,0.00,0,0
1535205121,s3-eth2,26664.00,1223900.00,1250564.00,1223900,26664,404.00,422.00,826.00,422,404,0.00,0.00,0,0
1535205121,s1-eth1,1222452.00,26598.00,1249050.00,26598,1222452,422.00,403.00,825.00,403,422,0.00,0.00,0,0
1535205121,s2-eth2,26664.00,1223900.00,1250564.00,1223900,26664,404.00,422.00,826.00,422,404,0.00,0.00,0,0
1535205121,eth1,0.00,0.00,0.00,0,0,0.00,0.00,0.00,0,0,0.00,0.00,0,0
1535205121,eth0,0.00,0.00,0.00,0,0,0.00,0.00,0.00,0,0,0.00,0.00,0,0
1535205121,total,3750178.00,3751560.00,7501738.00,3751560,3750178,2477.00,2476.00,4953.00,2476,2477,0.00,0.00,0,0
1535205122,s3-eth1,1221248.00,25650.00,1246898.00,25650,1221248,448.00,389.00,837.00,389,448,0.00,0.00,0,0
1535205122,s1-eth2,25650.00,1222696.00,1248346.00,1222696,25650,389.00,448.00,837.00,448,389,0.00,0.00,0,0
1535205122,s2-eth1,1222696.00,25650.00,1248346.00,25650,1222696,448.00,389.00,837.00,389,448,0.00,0.00,0,0
1535205122,lo,888.00,888.00,1776.00,888,888,9.00,9.00,18.00,9,9,0.00,0.00,0,0
1535205122,s3-eth2,25650.00,1224210.00,1249860.00,1224210,25650,389.00,449.00,838.00,449,389,0.00,0.00,0,0
1535205122,s1-eth1,1222696.00,25650.00,1248346.00,25650,1222696,448.00,389.00,837.00,389,448,0.00,0.00,0,0
1535205122,s2-eth2,25650.00,1221248.00,1246898.00,1221248,25650,389.00,448.00,837.00,448,389,0.00,0.00,0,0
1535205122,eth1,0.00,0.00,0.00,0,0,0.00,0.00,0.00,0,0,0.00,0.00,0,0
1535205122,eth0,160.00,160.00,320.00,160,160,2.00,2.00,4.00,2,2,0.00,0.00,0,0
1535205122,total,3744638.00,3746152.00,7490790.00,3746152,3744638,2522.00,2523.00,5045.00,2523,2522,0.00,0.00,0,0
1535205123,s3-eth1,1223900.00,26598.00,1250498.00,26598,1223900,422.00,403.00,825.00,403,422,0.00,0.00,0,0
1535205123,s1-eth2,26664.00,1222452.00,1249116.00,1222452,26664,404.00,422.00,826.00,422,404,0.00,0.00,0,0
1535205123,s2-eth1,1222452.00,26664.00,1249116.00,26664,1222452,422.00,404.00,826.00,404,422,0.00,0.00,0,0
1535205123,lo,0.00,0.00,0.00,0,0,0.00,0.00,0.00,0,0,0.00,0.00,0,0
1535205123,s3-eth2,26598.00,1220938.00,1247536.00,1220938,26598,403.00,421.00,824.00,421,403,0.00,0.00,0,0
1535205123,s1-eth1,1223900.00,26664.00,1250564.00,26664,1223900,422.00,404.00,826.00,404,422,0.00,0.00,0,0
1535205123,s2-eth2,26598.00,1223900.00,1250498.00,1223900,26598,403.00,422.00,825.00,422,403,0.00,0.00,0,0
1535205123,eth1,0.00,0.00,0.00,0,0,0.00,0.00,0.00,0,0,0.00,0.00,0,0
1535205123,eth0,0.00,0.00,0.00,0,0,0.00,0.00,0.00,0,0,0.00,0.00,0,0
1535205123,total,3750112.00,3747216.00,7497328.00,3747216,3750112,2476.00,2476.00,4952.00,2476,2476,0.00,0.00,0,0
1535205124,s3-eth1,1223900.00,26664.00,1250564.00,26664,1223900,422.00,404.00,826.00,404,422,0.00,0.00,0,0
1535205124,s1-eth2,26664.00,1223900.00,1250564.00,1223900,26664,404.00,422.00,826.00,422,404,0.00,0.00,0,0
1535205124,s2-eth1,1223900.00,26664.00,1250564.00,26664,1223900,422.00,404.00,826.00,404,422,0.00,0.00,0,0
1535205124,lo,0.00,0.00,0.00,0,0,0.00,0.00,0.00,0,0,0.00,0.00,0,0
1535205124,s3-eth2,26664.00,1223900.00,1250564.00,1223900,26664,404.00,422.00,826.00,422,404,0.00,0.00,0,0
1535205124,s1-eth1,1222452.00,26598.00,1249050.00,26598,1222452,422.00,403.00,825.00,403,422,0.00,0.00,0,0
1535205124,s2-eth2,26664.00,1223900.00,1250564.00,1223900,26664,404.00,422.00,826.00,422,404,0.00,0.00,0,0
1535205124,eth1,0.00,200.00,200.00,200,0,0.00,1.00,1.00,1,0,0.00,0.00,0,0
1535205124,eth0,0.00,0.00,0.00,0,0,0.00,0.00,0.00,0,0,0.00,0.00,0,0
1535205124,total,3750244.00,3751826.00,7502070.00,3751826,3750244,2478.00,2478.00,4956.00,2478,2478,0.00,0.00,0,0
1535205125,s3-eth1,1222452.00,26664.00,1249116.00,26664,1222452,422.00,404.00,826.00,404,422,0.00,0.00,0,0
1535205125,s1-eth2,26598.00,1220938.00,1247536.00,1220938,26598,403.00,421.00,824.00,421,403,0.00,0.00,0,0
1535205125,s2-eth1,1220938.00,26598.00,1247536.00,26598,1220938,421.00,403.00,824.00,403,421,0.00,0.00,0,0
1535205125,lo,0.00,0.00,0.00,0,0,0.00,0.00,0.00,0,0,0.00,0.00,0,0
1535205125,s3-eth2,26664.00,1225414.00,1252078.00,1225414,26664,404.00,423.00,827.00,423,404,0.00,0.00,0,0
1535205125,s1-eth1,1223900.00,26664.00,1250564.00,26664,1223900,422.00,404.00,826.00,404,422,0.00,0.00,0,0
1535205125,s2-eth2,26664.00,1222452.00,1249116.00,1222452,26664,404.00,422.00,826.00,422,404,0.00,0.00,0,0
1535205125,eth1,0.00,0.00,0.00,0,0,0.00,0.00,0.00,0,0,0.00,0.00,0,0
1535205125,eth0,0.00,0.00,0.00,0,0,0.00,0.00,0.00,0,0,0.00,0.00,0,0
1535205125,total,3747216.00,3748730.00,7495946.00,3748730,3747216,2476.00,2477.00,4953.00,2477,2476,0.00,0.00,0,0
1535205126,s3-eth1,1223900.00,26664.00,1250564.00,26664,1223900,422.00,404.00,826.00,404,422,0.00,0.00,0,0
1535205126,s1-eth2,26664.00,1225414.00,1252078.00,1225414,26664,404.00,423.00,827.00,423,404,0.00,0.00,0,0
1535205126,s2-eth1,1225414.00,26664.00,1252078.00,26664,1225414,423.00,404.00,827.00,404,423,0.00,0.00,0,0
1535205126,lo,0.00,0.00,0.00,0,0,0.00,0.00,0.00,0,0,0.00,0.00,0,0
1535205126,s3-eth2,26664.00,1223900.00,1250564.00,1223900,26664,404.00,422.00,826.00,422,404,0.00,0.00,0,0
1535205126,s1-eth1,1225414.00,26664.00,1252078.00,26664,1225414,423.00,404.00,827.00,404,423,0.00,0.00,0,0
1535205126,s2-eth2,26664.00,1223900.00,1250564.00,1223900,26664,404.00,422.00,826.00,422,404,0.00,0.00,0,0
1535205126,eth1,0.00,0.00,0.00,0,0,0.00,0.00,0.00,0,0,0.00,0.00,0,0
1535205126,eth0,0.00,0.00,0.00,0,0,0.00,0.00,0.00,0,0,0.00,0.00,0,0
1535205126,total,3754720.00,3753206.00,7507926.00,3753206,3754720,2480.00,2479.00,4959.00,2479,2480,0.00,0.00,0,0
1535205127,s3-eth1,1223900.00,26598.00,1250498.00,26598,1223900,422.00,403.00,825.00,403,422,0.00,0.00,0,0
1535205127,s1-eth2,26598.00,1223900.00,1250498.00,1223900,26598,403.00,422.00,825.00,422,403,0.00,0.00,0,0
1535205127,s2-eth1,1223900.00,26598.00,1250498.00,26598,1223900,422.00,403.00,825.00,403,422,0.00,0.00,0,0
1535205127,lo,516.00,516.00,1032.00,516,516,9.00,9.00,18.00,9,9,0.00,0.00,0,0
1535205127,s3-eth2,26598.00,1223900.00,1250498.00,1223900,26598,403.00,422.00,825.00,422,403,0.00,0.00,0,0
1535205127,s1-eth1,1220938.00,26598.00,1247536.00,26598,1220938,421.00,403.00,824.00,403,421,0.00,0.00,0,0
1535205127,s2-eth2,26598.00,1223900.00,1250498.00,1223900,26598,403.00,422.00,825.00,422,403,0.00,0.00,0,0
1535205127,eth1,0.00,0.00,0.00,0,0,0.00,0.00,0.00,0,0,0.00,0.00,0,0
1535205127,eth0,0.00,0.00,0.00,0,0,0.00,0.00,0.00,0,0,0.00,0.00,0,0
1535205127,total,3749048.00,3752010.00,7501058.00,3752010,3749048,2483.00,2484.00,4967.00,2484,2483,0.00,0.00,0,0
1535205128,s3-eth1,1225414.00,26664.00,1252078.00,26664,1225414,423.00,404.00,827.00,404,423,0.00,0.00,0,0
1535205128,s1-eth2,26664.00,1223900.00,1250564.00,1223900,26664,404.00,422.00,826.00,422,404,0.00,0.00,0,0
1535205128,s2-eth1,1223900.00,26664.00,1250564.00,26664,1223900,422.00,404.00,826.00,404,422,0.00,0.00,0,0
1535205128,lo,0.00,0.00,0.00,0,0,0.00,0.00,0.00,0,0,0.00,0.00,0,0
1535205128,s3-eth2,26664.00,1222452.00,1249116.00,1222452,26664,404.00,422.00,826.00,422,404,0.00,0.00,0,0
1535205128,s1-eth1,1223900.00,26664.00,1250564.00,26664,1223900,422.00,404.00,826.00,404,422,0.00,0.00,0,0
1535205128,s2-eth2,26664.00,1225414.00,1252078.00,1225414,26664,404.00,423.00,827.00,423,404,0.00,0.00,0,0
1535205128,eth1,0.00,0.00,0.00,0,0,0.00,0.00,0.00,0,0,0.00,0.00,0,0
1535205128,eth0,0.00,0.00,0.00,0,0,0.00,0.00,0.00,0,0,0.00,0.00,0,0
1535205128,total,3753206.00,3751758.00,7504964.00,3751758,3753206,2479.00,2479.00,4958.00,2479,2479,0.00,0.00,0,0
1535205129,s3-eth1,1223900.00,26664.00,1250564.00,26664,1223900,422.00,404.00,826.00,404,422,0.00,0.00,0,0
1535205129,s1-eth2,26664.00,1222452.00,1249116.00,1222452,26664,404.00,422.00,826.00,422,404,0.00,0.00,0,0
1535205129,s2-eth1,1222452.00,26664.00,1249116.00,26664,1222452,422.00,404.00,826.00,404,422,0.00,0.00,0,0
1535205129,lo,0.00,0.00,0.00,0,0,0.00,0.00,0.00,0,0,0.00,0.00,0,0
1535205129,s3-eth2,26664.00,1223900.00,1250564.00,1223900,26664,404.00,422.00,826.00,422,404,0.00,0.00,0,0
1535205129,s1-eth1,1225414.00,26664.00,1252078.00,26664,1225414,423.00,404.00,827.00,404,423,0.00,0.00,0,0
1535205129,s2-eth2,26664.00,1223900.00,1250564.00,1223900,26664,404.00,422.00,826.00,422,404,0.00,0.00,0,0
1535205129,eth1,0.00,0.00,0.00,0,0,0.00,0.00,0.00,0,0,0.00,0.00,0,0
1535205129,eth0,0.00,0.00,0.00,0,0,0.00,0.00,0.00,0,0,0.00,0.00,0,0
1535205129,total,3751758.00,3750244.00,7502002.00,3750244,3751758,2479.00,2478.00,4957.00,2478,2479,0.00,0.00,0,0
1535205130,s3-eth1,1223900.00,26664.00,1250564.00,26664,1223900,422.00,404.00,826.00,404,422,0.00,0.00,0,0
1535205130,s1-eth2,26598.00,1223900.00,1250498.00,1223900,26598,403.00,422.00,825.00,422,403,0.00,0.00,0,0
1535205130,s2-eth1,1223900.00,26598.00,1250498.00,26598,1223900,422.00,403.00,825.00,403,422,0.00,0.00,0,0
1535205130,lo,0.00,0.00,0.00,0,0,0.00,0.00,0.00,0,0,0.00,0.00,0,0
1535205130,s3-eth2,26598.00,1222452.00,1249050.00,1222452,26598,403.00,422.00,825.00,422,403,0.00,0.00,0,0
1535205130,s1-eth1,1223900.00,26664.00,1250564.00,26664,1223900,422.00,404.00,826.00,404,422,0.00,0.00,0,0
1535205130,s2-eth2,26664.00,1223900.00,1250564.00,1223900,26664,404.00,422.00,826.00,422,404,0.00,0.00,0,0
1535205130,eth1,0.00,0.00,0.00,0,0,0.00,0.00,0.00,0,0,0.00,0.00,0,0
1535205130,eth0,0.00,0.00,0.00,0,0,0.00,0.00,0.00,0,0,0.00,0.00,0,0
1535205130,total,3751560.00,3750178.00,7501738.00,3750178,3751560,2476.00,2477.00,4953.00,2477,2476,0.00,0.00,0,0
1535205131,s3-eth1,1224630.00,25410.00,1250040.00,25410,1224630,455.00,385.00,840.00,385,455,0.00,0.00,0,0
1535205131,s1-eth2,25476.00,1226078.00,1251554.00,1226078,25476,386.00,455.00,841.00,455,386,0.00,0.00,0,0
1535205131,s2-eth1,1226078.00,25476.00,1251554.00,25476,1226078,455.00,386.00,841.00,386,455,0.00,0.00,0,0
1535205131,lo,0.00,0.00,0.00,0,0,0.00,0.00,0.00,0,0,0.00,0.00,0,0
1535205131,s3-eth2,25476.00,1226078.00,1251554.00,1226078,25476,386.00,455.00,841.00,455,386,0.00,0.00,0,0
1535205131,s1-eth1,1226078.00,25410.00,1251488.00,25410,1226078,455.00,385.00,840.00,385,455,0.00,0.00,0,0
1535205131,s2-eth2,25410.00,1224630.00,1250040.00,1224630,25410,385.00,455.00,840.00,455,385,0.00,0.00,0,0
1535205131,eth1,0.00,0.00,0.00,0,0,0.00,0.00,0.00,0,0,0.00,0.00,0,0
1535205131,eth0,0.00,0.00,0.00,0,0,0.00,0.00,0.00,0,0,0.00,0.00,0,0
1535205131,total,3753148.00,3753082.00,7506230.00,3753082,3753148,2522.00,2521.00,5043.00,2521,2522,0.00,0.00,0,0
1535205132,s3-eth1,1223900.00,26664.00,1250564.00,26664,1223900,422.00,404.00,826.00,404,422,0.00,0.00,0,0
1535205132,s1-eth2,26664.00,1222452.00,1249116.00,1222452,26664,404.00,422.00,826.00,422,404,0.00,0.00,0,0
1535205132,s2-eth1,1222452.00,26664.00,1249116.00,26664,1222452,422.00,404.00,826.00,404,422,0.00,0.00,0,0
1535205132,lo,516.00,516.00,1032.00,516,516,9.00,9.00,18.00,9,9,0.00,0.00,0,0
1535205132,s3-eth2,26664.00,1223900.00,1250564.00,1223900,26664,404.00,422.00,826.00,422,404,0.00,0.00,0,0
1535205132,s1-eth1,1222452.00,26664.00,1249116.00,26664,1222452,422.00,404.00,826.00,404,422,0.00,0.00,0,0
1535205132,s2-eth2,26664.00,1223900.00,1250564.00,1223900,26664,404.00,422.00,826.00,422,404,0.00,0.00,0,0
1535205132,eth1,0.00,0.00,0.00,0,0,0.00,0.00,0.00,0,0,0.00,0.00,0,0
1535205132,eth0,0.00,0.00,0.00,0,0,0.00,0.00,0.00,0,0,0.00,0.00,0,0
1535205132,total,3749312.00,3750760.00,7500072.00,3750760,3749312,2487.00,2487.00,4974.00,2487,2487,0.00,0.00,0,0
1535205133,s3-eth1,1223900.00,26664.00,1250564.00,26664,1223900,422.00,404.00,826.00,404,422,0.00,0.00,0,0
1535205133,s1-eth2,26664.00,1223900.00,1250564.00,1223900,26664,404.00,422.00,826.00,422,404,0.00,0.00,0,0
1535205133,s2-eth1,1223900.00,26664.00,1250564.00,26664,1223900,422.00,404.00,826.00,404,422,0.00,0.00,0,0
1535205133,lo,0.00,0.00,0.00,0,0,0.00,0.00,0.00,0,0,0.00,0.00,0,0
1535205133,s3-eth2,26664.00,1225414.00,1252078.00,1225414,26664,404.00,423.00,827.00,423,404,0.00,0.00,0,0
1535205133,s1-eth1,1223900.00,26664.00,1250564.00,26664,1223900,422.00,404.00,826.00,404,422,0.00,0.00,0,0
1535205133,s2-eth2,26664.00,1223900.00,1250564.00,1223900,26664,404.00,422.00,826.00,422,404,0.00,0.00,0,0
1535205133,eth1,0.00,0.00,0.00,0,0,0.00,0.00,0.00,0,0,0.00,0.00,0,0
1535205133,eth0,0.00,0.00,0.00,0,0,0.00,0.00,0.00,0,0,0.00,0.00,0,0
1535205133,total,3751692.00,3753206.00,7504898.00,3753206,3751692,2478.00,2479.00,4957.00,2479,2478,0.00,0.00,0,0
1535205134,s3-eth1,1222452.00,26598.00,1249050.00,26598,1222452,422.00,403.00,825.00,403,422,0.00,0.00,0,0
1535205134,s1-eth2,26598.00,1222452.00,1249050.00,1222452,26598,403.00,422.00,825.00,422,403,0.00,0.00,0,0
1535205134,s2-eth1,1222452.00,26598.00,1249050.00,26598,1222452,422.00,403.00,825.00,403,422,0.00,0.00,0,0
1535205134,lo,0.00,0.00,0.00,0,0,0.00,0.00,0.00,0,0,0.00,0.00,0,0
1535205134,s3-eth2,26598.00,1223900.00,1250498.00,1223900,26598,403.00,422.00,825.00,422,403,0.00,0.00,0,0
1535205134,s1-eth1,1223900.00,26598.00,1250498.00,26598,1223900,422.00,403.00,825.00,403,422,0.00,0.00,0,0
1535205134,s2-eth2,26598.00,1222452.00,1249050.00,1222452,26598,403.00,422.00,825.00,422,403,0.00,0.00,0,0
1535205134,eth1,0.00,0.00,0.00,0,0,0.00,0.00,0.00,0,0,0.00,0.00,0,0
1535205134,eth0,0.00,0.00,0.00,0,0,0.00,0.00,0.00,0,0,0.00,0.00,0,0
1535205134,total,3748598.00,3748598.00,7497196.00,3748598,3748598,2475.00,2475.00,4950.00,2475,2475,0.00,0.00,0,0
1535205135,s3-eth1,1223900.00,26664.00,1250564.00,26664,1223900,422.00,404.00,826.00,404,422,0.00,0.00,0,0
1535205135,s1-eth2,26664.00,1223900.00,1250564.00,1223900,26664,404.00,422.00,826.00,422,404,0.00,0.00,0,0
1535205135,s2-eth1,1223900.00,26664.00,1250564.00,26664,1223900,422.00,404.00,826.00,404,422,0.00,0.00,0,0
1535205135,lo,0.00,0.00,0.00,0,0,0.00,0.00,0.00,0,0,0.00,0.00,0,0
1535205135,s3-eth2,26664.00,1223900.00,1250564.00,1223900,26664,404.00,422.00,826.00,422,404,0.00,0.00,0,0
1535205135,s1-eth1,1222452.00,26664.00,1249116.00,26664,1222452,422.00,404.00,826.00,404,422,0.00,0.00,0,0
1535205135,s2-eth2,26664.00,1223900.00,1250564.00,1223900,26664,404.00,422.00,826.00,422,404,0.00,0.00,0,0
1535205135,eth1,0.00,0.00,0.00,0,0,0.00,0.00,0.00,0,0,0.00,0.00,0,0
1535205135,eth0,0.00,0.00,0.00,0,0,0.00,0.00,0.00,0,0,0.00,0.00,0,0
1535205135,total,3750244.00,3751692.00,7501936.00,3751692,3750244,2478.00,2478.00,4956.00,2478,2478,0.00,0.00,0,0
1535205136,s3-eth1,1223900.00,26664.00,1250564.00,26664,1223900,422.00,404.00,826.00,404,422,0.00,0.00,0,0
1535205136,s1-eth2,26664.00,1223900.00,1250564.00,1223900,26664,404.00,422.00,826.00,422,404,0.00,0.00,0,0
1535205136,s2-eth1,1223900.00,26664.00,1250564.00,26664,1223900,422.00,404.00,826.00,404,422,0.00,0.00,0,0
1535205136,lo,0.00,0.00,0.00,0,0,0.00,0.00,0.00,0,0,0.00,0.00,0,0
1535205136,s3-eth2,26664.00,1222452.00,1249116.00,1222452,26664,404.00,422.00,826.00,422,404,0.00,0.00,0,0
1535205136,s1-eth1,1223900.00,26664.00,1250564.00,26664,1223900,422.00,404.00,826.00,404,422,0.00,0.00,0,0
1535205136,s2-eth2,26664.00,1223900.00,1250564.00,1223900,26664,404.00,422.00,826.00,422,404,0.00,0.00,0,0
1535205136,eth1,0.00,0.00,0.00,0,0,0.00,0.00,0.00,0,0,0.00,0.00,0,0
1535205136,eth0,0.00,0.00,0.00,0,0,0.00,0.00,0.00,0,0,0.00,0.00,0,0
1535205136,total,3751692.00,3750244.00,7501936.00,3750244,3751692,2478.00,2478.00,4956.00,2478,2478,0.00,0.00,0,0
1535205137,s3-eth1,1225414.00,26598.00,1252012.00,26598,1225414,423.00,403.00,826.00,403,423,0.00,0.00,0,0
1535205137,s1-eth2,26664.00,1225414.00,1252078.00,1225414,26664,404.00,423.00,827.00,423,404,0.00,0.00,0,0
1535205137,s2-eth1,1225414.00,26664.00,1252078.00,26664,1225414,423.00,404.00,827.00,404,423,0.00,0.00,0,0
1535205137,lo,516.00,516.00,1032.00,516,516,9.00,9.00,18.00,9,9,0.00,0.00,0,0
1535205137,s3-eth2,26598.00,1223900.00,1250498.00,1223900,26598,403.00,422.00,825.00,422,403,0.00,0.00,0,0
1535205137,s1-eth1,1223900.00,26664.00,1250564.00,26664,1223900,422.00,404.00,826.00,404,422,0.00,0.00,0,0
1535205137,s2-eth2,26598.00,1225414.00,1252012.00,1225414,26598,403.00,423.00,826.00,423,403,0.00,0.00,0,0
1535205137,eth1,0.00,0.00,0.00,0,0,0.00,0.00,0.00,0,0,0.00,0.00,0,0
1535205137,eth0,0.00,0.00,0.00,0,0,0.00,0.00,0.00,0,0,0.00,0.00,0,0
1535205137,total,3755104.00,3755170.00,7510274.00,3755170,3755104,2487.00,2488.00,4975.00,2488,2487,0.00,0.00,0,0
1535205138,s3-eth1,1223900.00,26664.00,1250564.00,26664,1223900,422.00,404.00,826.00,404,422,0.00,0.00,0,0
1535205138,s1-eth2,26664.00,1223900.00,1250564.00,1223900,26664,404.00,422.00,826.00,422,404,0.00,0.00,0,0
1535205138,s2-eth1,1223900.00,26664.00,1250564.00,26664,1223900,422.00,404.00,826.00,404,422,0.00,0.00,0,0
1535205138,lo,0.00,0.00,0.00,0,0,0.00,0.00,0.00,0,0,0.00,0.00,0,0
1535205138,s3-eth2,26664.00,1223900.00,1250564.00,1223900,26664,404.00,422.00,826.00,422,404,0.00,0.00,0,0
1535205138,s1-eth1,1222452.00,26598.00,1249050.00,26598,1222452,422.00,403.00,825.00,403,422,0.00,0.00,0,0
1535205138,s2-eth2,26664.00,1223900.00,1250564.00,1223900,26664,404.00,422.00,826.00,422,404,0.00,0.00,0,0
1535205138,eth1,0.00,0.00,0.00,0,0,0.00,0.00,0.00,0,0,0.00,0.00,0,0
1535205138,eth0,0.00,0.00,0.00,0,0,0.00,0.00,0.00,0,0,0.00,0.00,0,0
1535205138,total,3750244.00,3751626.00,7501870.00,3751626,3750244,2478.00,2477.00,4955.00,2477,2478,0.00,0.00,0,0
1535205139,s3-eth1,1222452.00,26664.00,1249116.00,26664,1222452,422.00,404.00,826.00,404,422,0.00,0.00,0,0
1535205139,s1-eth2,26598.00,1223900.00,1250498.00,1223900,26598,403.00,422.00,825.00,422,403,0.00,0.00,0,0
1535205139,s2-eth1,1223900.00,26598.00,1250498.00,26598,1223900,422.00,403.00,825.00,403,422,0.00,0.00,0,0
1535205139,lo,0.00,0.00,0.00,0,0,0.00,0.00,0.00,0,0,0.00,0.00,0,0
1535205139,s3-eth2,26664.00,1222452.00,1249116.00,1222452,26664,404.00,422.00,826.00,422,404,0.00,0.00,0,0
1535205139,s1-eth1,1223900.00,26664.00,1250564.00,26664,1223900,422.00,404.00,826.00,404,422,0.00,0.00,0,0
1535205139,s2-eth2,26664.00,1222452.00,1249116.00,1222452,26664,404.00,422.00,826.00,422,404,0.00,0.00,0,0
1535205139,eth1,0.00,0.00,0.00,0,0,0.00,0.00,0.00,0,0,0.00,0.00,0,0
1535205139,eth0,0.00,0.00,0.00,0,0,0.00,0.00,0.00,0,0,0.00,0.00,0,0
1535205139,total,3750178.00,3748730.00,7498908.00,3748730,3750178,2477.00,2477.00,4954.00,2477,2477,0.00,0.00,0,0
1535205140,s3-eth1,1225880.00,25542.00,1251422.00,25542,1225880,452.00,387.00,839.00,387,452,0.00,0.00,0,0
1535205140,s1-eth2,25542.00,1224432.00,1249974.00,1224432,25542,387.00,452.00,839.00,452,387,0.00,0.00,0,0
1535205140,s2-eth1,1224432.00,25542.00,1249974.00,25542,1224432,452.00,387.00,839.00,387,452,0.00,0.00,0,0
1535205140,lo,0.00,0.00,0.00,0,0,0.00,0.00,0.00,0,0,0.00,0.00,0,0
1535205140,s3-eth2,25542.00,1225880.00,1251422.00,1225880,25542,387.00,452.00,839.00,452,387,0.00,0.00,0,0
1535205140,s1-eth1,1225880.00,25542.00,1251422.00,25542,1225880,452.00,387.00,839.00,387,452,0.00,0.00,0,0
1535205140,s2-eth2,25542.00,1225880.00,1251422.00,1225880,25542,387.00,452.00,839.00,452,387,0.00,0.00,0,0
1535205140,eth1,0.00,0.00,0.00,0,0,0.00,0.00,0.00,0,0,0.00,0.00,0,0
1535205140,eth0,0.00,0.00,0.00,0,0,0.00,0.00,0.00,0,0,0.00,0.00,0,0
1535205140,total,3752818.00,3752818.00,7505636.00,3752818,3752818,2517.00,2517.00,5034.00,2517,2517,0.00,0.00,0,0
1535205141,s3-eth1,1223900.00,26664.00,1250564.00,26664,1223900,422.00,404.00,826.00,404,422,0.00,0.00,0,0
1535205141,s1-eth2,26664.00,1223900.00,1250564.00,1223900,26664,404.00,422.00,826.00,422,404,0.00,0.00,0,0
1535205141,s2-eth1,1223900.00,26664.00,1250564.00,26664,1223900,422.00,404.00,826.00,404,422,0.00,0.00,0,0
1535205141,lo,0.00,0.00,0.00,0,0,0.00,0.00,0.00,0,0,0.00,0.00,0,0
1535205141,s3-eth2,26598.00,1223900.00,1250498.00,1223900,26598,403.00,422.00,825.00,422,403,0.00,0.00,0,0
1535205141,s1-eth1,1225414.00,26598.00,1252012.00,26598,1225414,423.00,403.00,826.00,403,423,0.00,0.00,0,0
1535205141,s2-eth2,26664.00,1223900.00,1250564.00,1223900,26664,404.00,422.00,826.00,422,404,0.00,0.00,0,0
1535205141,eth1,0.00,0.00,0.00,0,0,0.00,0.00,0.00,0,0,0.00,0.00,0,0
1535205141,eth0,0.00,0.00,0.00,0,0,0.00,0.00,0.00,0,0,0.00,0.00,0,0
1535205141,total,3753140.00,3751626.00,7504766.00,3751626,3753140,2478.00,2477.00,4955.00,2477,2478,0.00,0.00,0,0
1535205142,s3-eth1,1222452.00,26598.00,1249050.00,26598,1222452,422.00,403.00,825.00,403,422,0.00,0.00,0,0
1535205142,s1-eth2,26598.00,1223900.00,1250498.00,1223900,26598,403.00,422.00,825.00,422,403,0.00,0.00,0,0
1535205142,s2-eth1,1223900.00,26598.00,1250498.00,26598,1223900,422.00,403.00,825.00,403,422,0.00,0.00,0,0
1535205142,lo,516.00,516.00,1032.00,516,516,9.00,9.00,18.00,9,9,0.00,0.00,0,0
1535205142,s3-eth2,26664.00,1225414.00,1252078.00,1225414,26664,404.00,423.00,827.00,423,404,0.00,0.00,0,0
1535205142,s1-eth1,1223900.00,26664.00,1250564.00,26664,1223900,422.00,404.00,826.00,404,422,0.00,0.00,0,0
1535205142,s2-eth2,26598.00,1222452.00,1249050.00,1222452,26598,403.00,422.00,825.00,422,403,0.00,0.00,0,0
1535205142,eth1,0.00,0.00,0.00,0,0,0.00,0.00,0.00,0,0,0.00,0.00,0,0
1535205142,eth0,0.00,0.00,0.00,0,0,0.00,0.00,0.00,0,0,0.00,0.00,0,0
1535205142,total,3750628.00,3752142.00,7502770.00,3752142,3750628,2485.00,2486.00,4971.00,2486,2485,0.00,0.00,0,0
1535205143,s3-eth1,1223900.00,26664.00,1250564.00,26664,1223900,422.00,404.00,826.00,404,422,0.00,0.00,0,0
1535205143,s1-eth2,26664.00,1222452.00,1249116.00,1222452,26664,404.00,422.00,826.00,422,404,0.00,0.00,0,0
1535205143,s2-eth1,1222452.00,26664.00,1249116.00,26664,1222452,422.00,404.00,826.00,404,422,0.00,0.00,0,0
1535205143,lo,0.00,0.00,0.00,0,0,0.00,0.00,0.00,0,0,0.00,0.00,0,0
1535205143,s3-eth2,26664.00,1223900.00,1250564.00,1223900,26664,404.00,422.00,826.00,422,404,0.00,0.00,0,0
1535205143,s1-eth1,1222452.00,26664.00,1249116.00,26664,1222452,422.00,404.00,826.00,404,422,0.00,0.00,0,0
1535205143,s2-eth2,26664.00,1223900.00,1250564.00,1223900,26664,404.00,422.00,826.00,422,404,0.00,0.00,0,0
1535205143,eth1,0.00,0.00,0.00,0,0,0.00,0.00,0.00,0,0,0.00,0.00,0,0
1535205143,eth0,0.00,0.00,0.00,0,0,0.00,0.00,0.00,0,0,0.00,0.00,0,0
1535205143,total,3748796.00,3750244.00,7499040.00,3750244,3748796,2478.00,2478.00,4956.00,2478,2478,0.00,0.00,0,0
1535205144,s3-eth1,1223942.00,26706.00,1250648.00,26706,1223942,423.00,405.00,828.00,405,423,0.00,0.00,0,0
1535205144,s1-eth2,26706.00,1223942.00,1250648.00,1223942,26706,405.00,423.00,828.00,423,405,0.00,0.00,0,0
1535205144,s2-eth1,1223942.00,26706.00,1250648.00,26706,1223942,423.00,405.00,828.00,405,423,0.00,0.00,0,0
1535205144,lo,0.00,0.00,0.00,0,0,0.00,0.00,0.00,0,0,0.00,0.00,0,0
1535205144,s3-eth2,26640.00,1223942.00,1250582.00,1223942,26640,404.00,423.00,827.00,423,404,0.00,0.00,0,0
1535205144,s1-eth1,1223942.00,26706.00,1250648.00,26706,1223942,423.00,405.00,828.00,405,423,0.00,0.00,0,0
1535205144,s2-eth2,26706.00,1223942.00,1250648.00,1223942,26706,405.00,423.00,828.00,423,405,0.00,0.00,0,0
1535205144,eth1,0.00,0.00,0.00,0,0,0.00,0.00,0.00,0,0,0.00,0.00,0,0
1535205144,eth0,0.00,0.00,0.00,0,0,0.00,0.00,0.00,0,0,0.00,0.00,0,0
1535205144,total,3751878.00,3751944.00,7503822.00,3751944,3751878,2483.00,2484.00,4967.00,2484,2483,0.00,0.00,0,0
1535205145,s3-eth1,1225414.00,26664.00,1252078.00,26664,1225414,423.00,404.00,827.00,404,423,0.00,0.00,0,0
1535205145,s1-eth2,26664.00,1223900.00,1250564.00,1223900,26664,404.00,422.00,826.00,422,404,0.00,0.00,0,0
1535205145,s2-eth1,1223900.00,26664.00,1250564.00,26664,1223900,422.00,404.00,826.00,404,422,0.00,0.00,0,0
1535205145,lo,0.00,0.00,0.00,0,0,0.00,0.00,0.00,0,0,0.00,0.00,0,0
1535205145,s3-eth2,26730.00,1222452.00,1249182.00,1222452,26730,405.00,422.00,827.00,422,405,0.00,0.00,0,0
1535205145,s1-eth1,1223900.00,26664.00,1250564.00,26664,1223900,422.00,404.00,826.00,404,422,0.00,0.00,0,0
1535205145,s2-eth2,26664.00,1225414.00,1252078.00,1225414,26664,404.00,423.00,827.00,423,404,0.00,0.00,0,0
1535205145,eth1,0.00,0.00,0.00,0,0,0.00,0.00,0.00,0,0,0.00,0.00,0,0
1535205145,eth0,0.00,0.00,0.00,0,0,0.00,0.00,0.00,0,0,0.00,0.00,0,0
1535205145,total,3753272.00,3751758.00,7505030.00,3751758,3753272,2480.00,2479.00,4959.00,2479,2480,0.00,0.00,0,0
1535205146,s3-eth1,1222452.00,26598.00,1249050.00,26598,1222452,422.00,403.00,825.00,403,422,0.00,0.00,0,0
1535205146,s1-eth2,26664.00,1225414.00,1252078.00,1225414,26664,404.00,423.00,827.00,423,404,0.00,0.00,0,0
1535205146,s2-eth1,1225414.00,26664.00,1252078.00,26664,1225414,423.00,404.00,827.00,404,423,0.00,0.00,0,0
1535205146,lo,0.00,0.00,0.00,0,0,0.00,0.00,0.00,0,0,0.00,0.00,0,0
1535205146,s3-eth2,26598.00,1223966.00,1250564.00,1223966,26598,403.00,423.00,826.00,423,403,0.00,0.00,0,0
1535205146,s1-eth1,1222452.00,26664.00,1249116.00,26664,1222452,422.00,404.00,826.00,404,422,0.00,0.00,0,0
1535205146,s2-eth2,26598.00,1222452.00,1249050.00,1222452,26598,403.00,422.00,825.00,422,403,0.00,0.00,0,0
1535205146,eth1,0.00,0.00,0.00,0,0,0.00,0.00,0.00,0,0,0.00,0.00,0,0
1535205146,eth0,0.00,0.00,0.00,0,0,0.00,0.00,0.00,0,0,0.00,0.00,0,0
1535205146,total,3750178.00,3751758.00,7501936.00,3751758,3750178,2477.00,2479.00,4956.00,2479,2477,0.00,0.00,0,0
1535205147,s3-eth1,1227196.00,25542.00,1252738.00,25542,1227196,450.00,387.00,837.00,387,450,0.00,0.00,0,0
1535205147,s1-eth2,25476.00,1225748.00,1251224.00,1225748,25476,386.00,450.00,836.00,450,386,0.00,0.00,0,0
1535205147,s2-eth1,1225748.00,25476.00,1251224.00,25476,1225748,450.00,386.00,836.00,386,450,0.00,0.00,0,0
1535205147,lo,516.00,516.00,1032.00,516,516,9.00,9.00,18.00,9,9,0.00,0.00,0,0
1535205147,s3-eth2,25542.00,1224234.00,1249776.00,1224234,25542,387.00,449.00,836.00,449,387,0.00,0.00,0,0
1535205147,s1-eth1,1225748.00,25476.00,1251224.00,25476,1225748,450.00,386.00,836.00,386,450,0.00,0.00,0,0
1535205147,s2-eth2,25542.00,1227196.00,1252738.00,1227196,25542,387.00,450.00,837.00,450,387,0.00,0.00,0,0
1535205147,eth1,0.00,0.00,0.00,0,0,0.00,0.00,0.00,0,0,0.00,0.00,0,0
1535205147,eth0,0.00,0.00,0.00,0,0,0.00,0.00,0.00,0,0,0.00,0.00,0,0
1535205147,total,3755768.00,3754188.00,7509956.00,3754188,3755768,2519.00,2517.00,5036.00,2517,2519,0.00,0.00,0,0
1535205148,s3-eth1,1222452.00,26664.00,1249116.00,26664,1222452,422.00,404.00,826.00,404,422,0.00,0.00,0,0
1535205148,s1-eth2,26664.00,1223900.00,1250564.00,1223900,26664,404.00,422.00,826.00,422,404,0.00,0.00,0,0
1535205148,s2-eth1,1223900.00,26664.00,1250564.00,26664,1223900,422.00,404.00,826.00,404,422,0.00,0.00,0,0
1535205148,lo,0.00,0.00,0.00,0,0,0.00,0.00,0.00,0,0,0.00,0.00,0,0
1535205148,s3-eth2,26598.00,1223900.00,1250498.00,1223900,26598,403.00,422.00,825.00,422,403,0.00,0.00,0,0
1535205148,s1-eth1,1223900.00,26664.00,1250564.00,26664,1223900,422.00,404.00,826.00,404,422,0.00,0.00,0,0
1535205148,s2-eth2,26664.00,1222452.00,1249116.00,1222452,26664,404.00,422.00,826.00,422,404,0.00,0.00,0,0
1535205148,eth1,0.00,0.00,0.00,0,0,0.00,0.00,0.00,0,0,0.00,0.00,0,0
1535205148,eth0,0.00,0.00,0.00,0,0,0.00,0.00,0.00,0,0,0.00,0.00,0,0
1535205148,total,3750178.00,3750244.00,7500422.00,3750244,3750178,2477.00,2478.00,4955.00,2478,2477,0.00,0.00,0,0
1535205149,s3-eth1,1223900.00,26664.00,1250564.00,26664,1223900,422.00,404.00,826.00,404,422,0.00,0.00,0,0
1535205149,s1-eth2,26664.00,1222452.00,1249116.00,1222452,26664,404.00,422.00,826.00,422,404,0.00,0.00,0,0
1535205149,s2-eth1,1222452.00,26664.00,1249116.00,26664,1222452,422.00,404.00,826.00,404,422,0.00,0.00,0,0
1535205149,lo,0.00,0.00,0.00,0,0,0.00,0.00,0.00,0,0,0.00,0.00,0,0
1535205149,s3-eth2,26664.00,1223900.00,1250564.00,1223900,26664,404.00,422.00,826.00,422,404,0.00,0.00,0,0
1535205149,s1-eth1,1225414.00,26664.00,1252078.00,26664,1225414,423.00,404.00,827.00,404,423,0.00,0.00,0,0
1535205149,s2-eth2,26664.00,1223900.00,1250564.00,1223900,26664,404.00,422.00,826.00,422,404,0.00,0.00,0,0
1535205149,eth1,0.00,0.00,0.00,0,0,0.00,0.00,0.00,0,0,0.00,0.00,0,0
1535205149,eth0,0.00,0.00,0.00,0,0,0.00,0.00,0.00,0,0,0.00,0.00,0,0
1535205149,total,3751758.00,3750244.00,7502002.00,3750244,3751758,2479.00,2478.00,4957.00,2478,2479,0.00,0.00,0,0
1535205150,s3-eth1,1223900.00,26664.00,1250564.00,26664,1223900,422.00,404.00,826.00,404,422,0.00,0.00,0,0
1535205150,s1-eth2,26598.00,1223900.00,1250498.00,1223900,26598,403.00,422.00,825.00,422,403,0.00,0.00,0,0
1535205150,s2-eth1,1223900.00,26598.00,1250498.00,26598,1223900,422.00,403.00,825.00,403,422,0.00,0.00,0,0
1535205150,lo,0.00,0.00,0.00,0,0,0.00,0.00,0.00,0,0,0.00,0.00,0,0
1535205150,s3-eth2,26730.00,1225414.00,1252144.00,1225414,26730,405.00,423.00,828.00,423,405,0.00,0.00,0,0
1535205150,s1-eth1,1223900.00,26598.00,1250498.00,26598,1223900,422.00,403.00,825.00,403,422,0.00,0.00,0,0
1535205150,s2-eth2,26664.00,1223900.00,1250564.00,1223900,26664,404.00,422.00,826.00,422,404,0.00,0.00,0,0
1535205150,eth1,0.00,0.00,0.00,0,0,0.00,0.00,0.00,0,0,0.00,0.00,0,0
1535205150,eth0,90.00,0.00,90.00,0,90,1.00,0.00,1.00,0,1,0.00,0.00,0,0
1535205150,total,3751782.00,3753074.00,7504856.00,3753074,3751782,2479.00,2477.00,4956.00,2477,2479,0.00,0.00,0,0
1535205151,s3-eth1,1222452.00,26532.00,1248984.00,26532,1222452,422.00,402.00,824.00,402,422,0.00,0.00,0,0
1535205151,s1-eth2,26598.00,1222452.00,1249050.00,1222452,26598,403.00,422.00,825.00,422,403,0.00,0.00,0,0
1535205151,s2-eth1,1222452.00,26598.00,1249050.00,26598,1222452,422.00,403.00,825.00,403,422,0.00,0.00,0,0
1535205151,lo,0.00,0.00,0.00,0,0,0.00,0.00,0.00,0,0,0.00,0.00,0,0
1535205151,s3-eth2,26532.00,1223900.00,1250432.00,1223900,26532,402.00,422.00,824.00,422,402,0.00,0.00,0,0
1535205151,s1-eth1,1220938.00,26664.00,1247602.00,26664,1220938,421.00,404.00,825.00,404,421,0.00,0.00,0,0
1535205151,s2-eth2,26532.00,1222452.00,1248984.00,1222452,26532,402.00,422.00,824.00,422,402,0.00,0.00,0,0
1535205151,eth1,0.00,0.00,0.00,0,0,0.00,0.00,0.00,0,0,0.00,0.00,0,0
1535205151,eth0,0.00,0.00,0.00,0,0,0.00,0.00,0.00,0,0,0.00,0.00,0,0
1535205151,total,3745504.00,3748598.00,7494102.00,3748598,3745504,2472.00,2475.00,4947.00,2475,2472,0.00,0.00,0,0
1535205152,s3-eth1,1198694.00,25212.00,1223906.00,25212,1198694,435.00,382.00,817.00,382,435,0.00,0.00,0,0
1535205152,s1-eth2,25212.00,1198694.00,1223906.00,1198694,25212,382.00,435.00,817.00,435,382,0.00,0.00,0,0
1535205152,s2-eth1,1198694.00,25212.00,1223906.00,25212,1198694,435.00,382.00,817.00,382,435,0.00,0.00,0,0
1535205152,lo,516.00,516.00,1032.00,516,516,9.00,9.00,18.00,9,9,0.00,0.00,0,0
1535205152,s3-eth2,25212.00,1201656.00,1226868.00,1201656,25212,382.00,436.00,818.00,436,382,0.00,0.00,0,0
1535205152,s1-eth1,1197246.00,25080.00,1222326.00,25080,1197246,435.00,380.00,815.00,380,435,0.00,0.00,0,0
1535205152,s2-eth2,25212.00,1198694.00,1223906.00,1198694,25212,382.00,435.00,817.00,435,382,0.00,0.00,0,0
1535205152,eth1,0.00,0.00,0.00,0,0,0.00,0.00,0.00,0,0,0.00,0.00,0,0
1535205152,eth0,0.00,0.00,0.00,0,0,0.00,0.00,0.00,0,0,0.00,0.00,0,0
1535205152,total,3670786.00,3675064.00,7345850.00,3675064,3670786,2460.00,2459.00,4919.00,2459,2460,0.00,0.00,0,0
1535205153,s3-eth1,1223900.00,26598.00,1250498.00,26598,1223900,422.00,403.00,825.00,403,422,0.00,0.00,0,0
1535205153,s1-eth2,26664.00,1223900.00,1250564.00,1223900,26664,404.00,422.00,826.00,422,404,0.00,0.00,0,0
1535205153,s2-eth1,1223900.00,26664.00,1250564.00,26664,1223900,422.00,404.00,826.00,404,422,0.00,0.00,0,0
1535205153,lo,0.00,0.00,0.00,0,0,0.00,0.00,0.00,0,0,0.00,0.00,0,0
1535205153,s3-eth2,26598.00,1223900.00,1250498.00,1223900,26598,403.00,422.00,825.00,422,403,0.00,0.00,0,0
1535205153,s1-eth1,1223900.00,26730.00,1250630.00,26730,1223900,422.00,405.00,827.00,405,422,0.00,0.00,0,0
1535205153,s2-eth2,26598.00,1223900.00,1250498.00,1223900,26598,403.00,422.00,825.00,422,403,0.00,0.00,0,0
1535205153,eth1,0.00,0.00,0.00,0,0,0.00,0.00,0.00,0,0,0.00,0.00,0,0
1535205153,eth0,0.00,0.00,0.00,0,0,0.00,0.00,0.00,0,0,0.00,0.00,0,0
1535205153,total,3751560.00,3751692.00,7503252.00,3751692,3751560,2476.00,2478.00,4954.00,2478,2476,0.00,0.00,0,0
1535205154,s3-eth1,1223900.00,26664.00,1250564.00,26664,1223900,422.00,404.00,826.00,404,422,0.00,0.00,0,0
1535205154,s1-eth2,26598.00,1223900.00,1250498.00,1223900,26598,403.00,422.00,825.00,422,403,0.00,0.00,0,0
1535205154,s2-eth1,1223900.00,26598.00,1250498.00,26598,1223900,422.00,403.00,825.00,403,422,0.00,0.00,0,0
1535205154,lo,0.00,0.00,0.00,0,0,0.00,0.00,0.00,0,0,0.00,0.00,0,0
1535205154,s3-eth2,26664.00,1222452.00,1249116.00,1222452,26664,404.00,422.00,826.00,422,404,0.00,0.00,0,0
1535205154,s1-eth1,1223900.00,26598.00,1250498.00,26598,1223900,422.00,403.00,825.00,403,422,0.00,0.00,0,0
1535205154,s2-eth2,26664.00,1223900.00,1250564.00,1223900,26664,404.00,422.00,826.00,422,404,0.00,0.00,0,0
1535205154,eth1,0.00,200.00,200.00,200,0,0.00,1.00,1.00,1,0,0.00,0.00,0,0
1535205154,eth0,90.00,0.00,90.00,0,90,1.00,0.00,1.00,0,1,0.00,0.00,0,0
1535205154,total,3751716.00,3750312.00,7502028.00,3750312,3751716,2478.00,2477.00,4955.00,2477,2478,0.00,0.00,0,0
1535205155,s3-eth1,1222452.00,26664.00,1249116.00,26664,1222452,422.00,404.00,826.00,404,422,0.00,0.00,0,0
1535205155,s1-eth2,26664.00,1222452.00,1249116.00,1222452,26664,404.00,422.00,826.00,422,404,0.00,0.00,0,0
1535205155,s2-eth1,1222452.00,26664.00,1249116.00,26664,1222452,422.00,404.00,826.00,404,422,0.00,0.00,0,0
1535205155,lo,0.00,0.00,0.00,0,0,0.00,0.00,0.00,0,0,0.00,0.00,0,0
1535205155,s3-eth2,26664.00,1223900.00,1250564.00,1223900,26664,404.00,422.00,826.00,422,404,0.00,0.00,0,0
1535205155,s1-eth1,1223900.00,26664.00,1250564.00,26664,1223900,422.00,404.00,826.00,404,422,0.00,0.00,0,0
1535205155,s2-eth2,26664.00,1222452.00,1249116.00,1222452,26664,404.00,422.00,826.00,422,404,0.00,0.00,0,0
1535205155,eth1,0.00,0.00,0.00,0,0,0.00,0.00,0.00,0,0,0.00,0.00,0,0
1535205155,eth0,60.00,60.00,120.00,60,60,1.00,1.00,2.00,1,1,0.00,0.00,0,0
1535205155,total,3748856.00,3748856.00,7497712.00,3748856,3748856,2479.00,2479.00,4958.00,2479,2479,0.00,0.00,0,0
1535205156,s3-eth1,1223900.00,26664.00,1250564.00,26664,1223900,422.00,404.00,826.00,404,422,0.00,0.00,0,0
1535205156,s1-eth2,26664.00,1223900.00,1250564.00,1223900,26664,404.00,422.00,826.00,422,404,0.00,0.00,0,0
1535205156,s2-eth1,1223900.00,26664.00,1250564.00,26664,1223900,422.00,404.00,826.00,404,422,0.00,0.00,0,0
1535205156,lo,0.00,0.00,0.00,0,0,0.00,0.00,0.00,0,0,0.00,0.00,0,0
1535205156,s3-eth2,26664.00,1223900.00,1250564.00,1223900,26664,404.00,422.00,826.00,422,404,0.00,0.00,0,0
1535205156,s1-eth1,1225414.00,26664.00,1252078.00,26664,1225414,423.00,404.00,827.00,404,423,0.00,0.00,0,0
1535205156,s2-eth2,26664.00,1223900.00,1250564.00,1223900,26664,404.00,422.00,826.00,422,404,0.00,0.00,0,0
1535205156,eth1,0.00,0.00,0.00,0,0,0.00,0.00,0.00,0,0,0.00,0.00,0,0
1535205156,eth0,0.00,0.00,0.00,0,0,0.00,0.00,0.00,0,0,0.00,0.00,0,0
1535205156,total,3753206.00,3751692.00,7504898.00,3751692,3753206,2479.00,2478.00,4957.00,2478,2479,0.00,0.00,0,0
1535205157,s3-eth1,1223900.00,26664.00,1250564.00,26664,1223900,422.00,404.00,826.00,404,422,0.00,0.00,0,0
1535205157,s1-eth2,26598.00,1223900.00,1250498.00,1223900,26598,403.00,422.00,825.00,422,403,0.00,0.00,0,0
1535205157,s2-eth1,1223900.00,26598.00,1250498.00,26598,1223900,422.00,403.00,825.00,403,422,0.00,0.00,0,0
1535205157,lo,516.00,516.00,1032.00,516,516,9.00,9.00,18.00,9,9,0.00,0.00,0,0
1535205157,s3-eth2,26664.00,1222452.00,1249116.00,1222452,26664,404.00,422.00,826.00,422,404,0.00,0.00,0,0
1535205157,s1-eth1,1223900.00,26664.00,1250564.00,26664,1223900,422.00,404.00,826.00,404,422,0.00,0.00,0,0
1535205157,s2-eth2,26664.00,1223900.00,1250564.00,1223900,26664,404.00,422.00,826.00,422,404,0.00,0.00,0,0
1535205157,eth1,0.00,0.00,0.00,0,0,0.00,0.00,0.00,0,0,0.00,0.00,0,0
1535205157,eth0,0.00,0.00,0.00,0,0,0.00,0.00,0.00,0,0,0.00,0.00,0,0
1535205157,total,3752142.00,3750694.00,7502836.00,3750694,3752142,2486.00,2486.00,4972.00,2486,2486,0.00,0.00,0,0
1535205158,s3-eth1,1225414.00,26598.00,1252012.00,26598,1225414,423.00,403.00,826.00,403,423,0.00,0.00,0,0
1535205158,s1-eth2,26664.00,1225414.00,1252078.00,1225414,26664,404.00,423.00,827.00,423,404,0.00,0.00,0,0
1535205158,s2-eth1,1225414.00,26664.00,1252078.00,26664,1225414,423.00,404.00,827.00,404,423,0.00,0.00,0,0
1535205158,lo,0.00,0.00,0.00,0,0,0.00,0.00,0.00,0,0,0.00,0.00,0,0
1535205158,s3-eth2,26598.00,1223900.00,1250498.00,1223900,26598,403.00,422.00,825.00,422,403,0.00,0.00,0,0
1535205158,s1-eth1,1223900.00,26598.00,1250498.00,26598,1223900,422.00,403.00,825.00,403,422,0.00,0.00,0,0
1535205158,s2-eth2,26598.00,1225414.00,1252012.00,1225414,26598,403.00,423.00,826.00,423,403,0.00,0.00,0,0
1535205158,eth1,0.00,0.00,0.00,0,0,0.00,0.00,0.00,0,0,0.00,0.00,0,0
1535205158,eth0,90.00,0.00,90.00,0,90,1.00,0.00,1.00,0,1,0.00,0.00,0,0
1535205158,total,3754678.00,3754588.00,7509266.00,3754588,3754678,2479.00,2478.00,4957.00,2478,2479,0.00,0.00,0,0
1535205159,s3-eth1,1220938.00,26664.00,1247602.00,26664,1220938,421.00,404.00,825.00,404,421,0.00,0.00,0,0
1535205159,s1-eth2,26664.00,1223900.00,1250564.00,1223900,26664,404.00,422.00,826.00,422,404,0.00,0.00,0,0
1535205159,s2-eth1,1223900.00,26664.00,1250564.00,26664,1223900,422.00,404.00,826.00,404,422,0.00,0.00,0,0
1535205159,lo,0.00,0.00,0.00,0,0,0.00,0.00,0.00,0,0,0.00,0.00,0,0
1535205159,s3-eth2,26664.00,1223900.00,1250564.00,1223900,26664,404.00,422.00,826.00,422,404,0.00,0.00,0,0
1535205159,s1-eth1,1222452.00,26664.00,1249116.00,26664,1222452,422.00,404.00,826.00,404,422,0.00,0.00,0,0
1535205159,s2-eth2,26664.00,1220938.00,1247602.00,1220938,26664,404.00,421.00,825.00,421,404,0.00,0.00,0,0
1535205159,eth1,0.00,0.00,0.00,0,0,0.00,0.00,0.00,0,0,0.00,0.00,0,0
1535205159,eth0,0.00,0.00,0.00,0,0,0.00,0.00,0.00,0,0,0.00,0.00,0,0
1535205159,total,3747282.00,3748730.00,7496012.00,3748730,3747282,2477.00,2477.00,4954.00,2477,2477,0.00,0.00,0,0
1535205160,s3-eth1,1223900.00,26664.00,1250564.00,26664,1223900,422.00,404.00,826.00,404,422,0.00,0.00,0,0
1535205160,s1-eth2,26664.00,1223900.00,1250564.00,1223900,26664,404.00,422.00,826.00,422,404,0.00,0.00,0,0
1535205160,s2-eth1,1223900.00,26664.00,1250564.00,26664,1223900,422.00,404.00,826.00,404,422,0.00,0.00,0,0
1535205160,lo,0.00,0.00,0.00,0,0,0.00,0.00,0.00,0,0,0.00,0.00,0,0
1535205160,s3-eth2,26664.00,1225414.00,1252078.00,1225414,26664,404.00,423.00,827.00,423,404,0.00,0.00,0,0
1535205160,s1-eth1,1223900.00,26664.00,1250564.00,26664,1223900,422.00,404.00,826.00,404,422,0.00,0.00,0,0
1535205160,s2-eth2,26664.00,1223900.00,1250564.00,1223900,26664,404.00,422.00,826.00,422,404,0.00,0.00,0,0
1535205160,eth1,0.00,0.00,0.00,0,0,0.00,0.00,0.00,0,0,0.00,0.00,0,0
1535205160,eth0,0.00,0.00,0.00,0,0,0.00,0.00,0.00,0,0,0.00,0.00,0,0
1535205160,total,3751692.00,3753206.00,7504898.00,3753206,3751692,2478.00,2479.00,4957.00,2479,2478,0.00,0.00,0,0
1535205161,s3-eth1,1225414.00,26598.00,1252012.00,26598,1225414,423.00,403.00,826.00,403,423,0.00,0.00,0,0
1535205161,s1-eth2,26598.00,1222452.00,1249050.00,1222452,26598,403.00,422.00,825.00,422,403,0.00,0.00,0,0
1535205161,s2-eth1,1222452.00,26598.00,1249050.00,26598,1222452,422.00,403.00,825.00,403,422,0.00,0.00,0,0
1535205161,lo,0.00,0.00,0.00,0,0,0.00,0.00,0.00,0,0,0.00,0.00,0,0
1535205161,s3-eth2,26598.00,1220938.00,1247536.00,1220938,26598,403.00,421.00,824.00,421,403,0.00,0.00,0,0
1535205161,s1-eth1,1223900.00,26664.00,1250564.00,26664,1223900,422.00,404.00,826.00,404,422,0.00,0.00,0,0
1535205161,s2-eth2,26598.00,1225414.00,1252012.00,1225414,26598,403.00,423.00,826.00,423,403,0.00,0.00,0,0
1535205161,eth1,0.00,0.00,0.00,0,0,0.00,0.00,0.00,0,0,0.00,0.00,0,0
1535205161,eth0,0.00,0.00,0.00,0,0,0.00,0.00,0.00,0,0,0.00,0.00,0,0
1535205161,total,3751560.00,3748664.00,7500224.00,3748664,3751560,2476.00,2476.00,4952.00,2476,2476,0.00,0.00,0,0
1535205162,s3-eth1,1223900.00,26664.00,1250564.00,26664,1223900,422.00,404.00,826.00,404,422,0.00,0.00,0,0
1535205162,s1-eth2,26664.00,1223900.00,1250564.00,1223900,26664,404.00,422.00,826.00,422,404,0.00,0.00,0,0
1535205162,s2-eth1,1223900.00,26664.00,1250564.00,26664,1223900,422.00,404.00,826.00,404,422,0.00,0.00,0,0
1535205162,lo,516.00,516.00,1032.00,516,516,9.00,9.00,18.00,9,9,0.00,0.00,0,0
1535205162,s3-eth2,26664.00,1223900.00,1250564.00,1223900,26664,404.00,422.00,826.00,422,404,0.00,0.00,0,0
1535205162,s1-eth1,1222452.00,26598.00,1249050.00,26598,1222452,422.00,403.00,825.00,403,422,0.00,0.00,0,0
1535205162,s2-eth2,26664.00,1223900.00,1250564.00,1223900,26664,404.00,422.00,826.00,422,404,0.00,0.00,0,0
1535205162,eth1,0.00,0.00,0.00,0,0,0.00,0.00,0.00,0,0,0.00,0.00,0,0
1535205162,eth0,0.00,0.00,0.00,0,0,0.00,0.00,0.00,0,0,0.00,0.00,0,0
1535205162,total,3750760.00,3752142.00,7502902.00,3752142,3750760,2487.00,2486.00,4973.00,2486,2487,0.00,0.00,0,0
1535205163,s3-eth1,827776.00,19536.00,847312.00,19536,827776,288.00,296.00,584.00,296,288,0.00,0.00,0,0
1535205163,s1-eth2,19272.00,842586.00,861858.00,842586,19272,292.00,293.00,585.00,293,292,0.00,0.00,0,0
1535205163,s2-eth1,842586.00,19272.00,861858.00,19272,842586,293.00,292.00,585.00,292,293,0.00,0.00,0,0
1535205163,lo,0.00,0.00,0.00,0,0,0.00,0.00,0.00,0,0,0.00,0.00,0,0
1535205163,s3-eth2,19800.00,812966.00,832766.00,812966,19800,300.00,283.00,583.00,283,300,0.00,0.00,0,0
1535205163,s1-eth1,857396.00,19008.00,876404.00,19008,857396,298.00,288.00,586.00,288,298,0.00,0.00,0,0
1535205163,s2-eth2,19536.00,827776.00,847312.00,827776,19536,296.00,288.00,584.00,288,296,0.00,0.00,0,0
1535205163,eth1,0.00,0.00,0.00,0,0,0.00,0.00,0.00,0,0,0.00,0.00,0,0
1535205163,eth0,0.00,0.00,0.00,0,0,0.00,0.00,0.00,0,0,0.00,0.00,0,0
1535205163,total,2586366.00,2541144.00,5127510.00,2541144,2586366,1767.00,1740.00,3507.00,1740,1767,0.00,0.00,0,0
1535205164,s3-eth1,0.00,0.00,0.00,0,0,0.00,0.00,0.00,0,0,0.00,0.00,0,0
1535205164,s1-eth2,0.00,0.00,0.00,0,0,0.00,0.00,0.00,0,0,0.00,0.00,0,0
1535205164,s2-eth1,0.00,0.00,0.00,0,0,0.00,0.00,0.00,0,0,0.00,0.00,0,0
1535205164,lo,0.00,0.00,0.00,0,0,0.00,0.00,0.00,0,0,0.00,0.00,0,0
1535205164,s3-eth2,0.00,0.00,0.00,0,0,0.00,0.00,0.00,0,0,0.00,0.00,0,0
1535205164,s1-eth1,0.00,0.00,0.00,0,0,0.00,0.00,0.00,0,0,0.00,0.00,0,0
1535205164,s2-eth2,0.00,0.00,0.00,0,0,0.00,0.00,0.00,0,0,0.00,0.00,0,0
1535205164,eth1,0.00,0.00,0.00,0,0,0.00,0.00,0.00,0,0,0.00,0.00,0,0
1535205164,eth0,0.00,0.00,0.00,0,0,0.00,0.00,0.00,0,0,0.00,0.00,0,0
1535205164,total,0.00,0.00,0.00,0,0,0.00,0.00,0.00,0,0,0.00,0.00,0,0
1535205165,s3-eth1,0.00,0.00,0.00,0,0,0.00,0.00,0.00,0,0,0.00,0.00,0,0
1535205165,s1-eth2,0.00,0.00,0.00,0,0,0.00,0.00,0.00,0,0,0.00,0.00,0,0
1535205165,s2-eth1,0.00,0.00,0.00,0,0,0.00,0.00,0.00,0,0,0.00,0.00,0,0
1535205165,lo,0.00,0.00,0.00,0,0,0.00,0.00,0.00,0,0,0.00,0.00,0,0
1535205165,s3-eth2,0.00,0.00,0.00,0,0,0.00,0.00,0.00,0,0,0.00,0.00,0,0
1535205165,s1-eth1,0.00,0.00,0.00,0,0,0.00,0.00,0.00,0,0,0.00,0.00,0,0
1535205165,s2-eth2,0.00,0.00,0.00,0,0,0.00,0.00,0.00,0,0,0.00,0.00,0,0
1535205165,eth1,0.00,0.00,0.00,0,0,0.00,0.00,0.00,0,0,0.00,0.00,0,0
1535205165,eth0,0.00,0.00,0.00,0,0,0.00,0.00,0.00,0,0,0.00,0.00,0,0
1535205165,total,0.00,0.00,0.00,0,0,0.00,0.00,0.00,0,0,0.00,0.00,0,0
1535205166,s3-eth1,42.00,42.00,84.00,42,42,1.00,1.00,2.00,1,1,0.00,0.00,0,0
1535205166,s1-eth2,42.00,42.00,84.00,42,42,1.00,1.00,2.00,1,1,0.00,0.00,0,0
1535205166,s2-eth1,42.00,42.00,84.00,42,42,1.00,1.00,2.00,1,1,0.00,0.00,0,0
1535205166,lo,0.00,0.00,0.00,0,0,0.00,0.00,0.00,0,0,0.00,0.00,0,0
1535205166,s3-eth2,42.00,42.00,84.00,42,42,1.00,1.00,2.00,1,1,0.00,0.00,0,0
1535205166,s1-eth1,42.00,42.00,84.00,42,42,1.00,1.00,2.00,1,1,0.00,0.00,0,0
1535205166,s2-eth2,42.00,42.00,84.00,42,42,1.00,1.00,2.00,1,1,0.00,0.00,0,0
1535205166,eth1,0.00,0.00,0.00,0,0,0.00,0.00,0.00,0,0,0.00,0.00,0,0
1535205166,eth0,0.00,0.00,0.00,0,0,0.00,0.00,0.00,0,0,0.00,0.00,0,0
1535205166,total,252.00,252.00,504.00,252,252,6.00,6.00,12.00,6,6,0.00,0.00,0,0
1535205167,s3-eth1,0.00,0.00,0.00,0,0,0.00,0.00,0.00,0,0,0.00,0.00,0,0
1535205167,s1-eth2,0.00,0.00,0.00,0,0,0.00,0.00,0.00,0,0,0.00,0.00,0,0
1535205167,s2-eth1,0.00,0.00,0.00,0,0,0.00,0.00,0.00,0,0,0.00,0.00,0,0
1535205167,lo,516.00,516.00,1032.00,516,516,9.00,9.00,18.00,9,9,0.00,0.00,0,0
1535205167,s3-eth2,0.00,0.00,0.00,0,0,0.00,0.00,0.00,0,0,0.00,0.00,0,0
1535205167,s1-eth1,0.00,0.00,0.00,0,0,0.00,0.00,0.00,0,0,0.00,0.00,0,0
1535205167,s2-eth2,0.00,0.00,0.00,0,0,0.00,0.00,0.00,0,0,0.00,0.00,0,0
1535205167,eth1,0.00,0.00,0.00,0,0,0.00,0.00,0.00,0,0,0.00,0.00,0,0
1535205167,eth0,0.00,0.00,0.00,0,0,0.00,0.00,0.00,0,0,0.00,0.00,0,0
1535205167,total,516.00,516.00,1032.00,516,516,9.00,9.00,18.00,9,9,0.00,0.00,0,0
1535205168,s3-eth1,0.00,0.00,0.00,0,0,0.00,0.00,0.00,0,0,0.00,0.00,0,0
1535205168,s1-eth2,0.00,0.00,0.00,0,0,0.00,0.00,0.00,0,0,0.00,0.00,0,0
1535205168,s2-eth1,0.00,0.00,0.00,0,0,0.00,0.00,0.00,0,0,0.00,0.00,0,0
1535205168,lo,0.00,0.00,0.00,0,0,0.00,0.00,0.00,0,0,0.00,0.00,0,0
1535205168,s3-eth2,0.00,0.00,0.00,0,0,0.00,0.00,0.00,0,0,0.00,0.00,0,0
1535205168,s1-eth1,0.00,0.00,0.00,0,0,0.00,0.00,0.00,0,0,0.00,0.00,0,0
1535205168,s2-eth2,0.00,0.00,0.00,0,0,0.00,0.00,0.00,0,0,0.00,0.00,0,0
1535205168,eth1,0.00,0.00,0.00,0,0,0.00,0.00,0.00,0,0,0.00,0.00,0,0
1535205168,eth0,0.00,0.00,0.00,0,0,0.00,0.00,0.00,0,0,0.00,0.00,0,0
1535205168,total,0.00,0.00,0.00,0,0,0.00,0.00,0.00,0,0,0.00,0.00,0,0
1535205169,s3-eth1,0.00,0.00,0.00,0,0,0.00,0.00,0.00,0,0,0.00,0.00,0,0
1535205169,s1-eth2,0.00,0.00,0.00,0,0,0.00,0.00,0.00,0,0,0.00,0.00,0,0
1535205169,s2-eth1,0.00,0.00,0.00,0,0,0.00,0.00,0.00,0,0,0.00,0.00,0,0
1535205169,lo,0.00,0.00,0.00,0,0,0.00,0.00,0.00,0,0,0.00,0.00,0,0
1535205169,s3-eth2,0.00,0.00,0.00,0,0,0.00,0.00,0.00,0,0,0.00,0.00,0,0
1535205169,s1-eth1,0.00,0.00,0.00,0,0,0.00,0.00,0.00,0,0,0.00,0.00,0,0
1535205169,s2-eth2,0.00,0.00,0.00,0,0,0.00,0.00,0.00,0,0,0.00,0.00,0,0
1535205169,eth1,0.00,0.00,0.00,0,0,0.00,0.00,0.00,0,0,0.00,0.00,0,0
1535205169,eth0,0.00,0.00,0.00,0,0,0.00,0.00,0.00,0,0,0.00,0.00,0,0
1535205169,total,0.00,0.00,0.00,0,0,0.00,0.00,0.00,0,0,0.00,0.00,0,0
1535205170,lo,468.00,468.00,936.00,468,468,9