1534988087,s1-eth2,0.00,0.00,0.00,0,0,0.00,0.00,0.00,0,0,0.00,0.00,0,0
1534988087,lo,0.00,0.00,0.00,0,0,0.00,0.00,0.00,0,0,0.00,0.00,0,0
1534988087,s1-eth1,0.00,0.00,0.00,0,0,0.00,0.00,0.00,0,0,0.00,0.00,0,0
1534988087,eth1,0.00,0.00,0.00,0,0,0.00,0.00,0.00,0,0,0.00,0.00,0,0
1534988087,eth0,0.00,0.00,0.00,0,0,0.00,0.00,0.00,0,0,0.00,0.00,0,0
1534988087,total,0.00,0.00,0.00,0,0,0.00,0.00,0.00,0,0,0.00,0.00,0,0
1534988088,s1-eth2,26664.00,1223900.00,1250564.00,1223900,26664,404.00,422.00,826.00,422,404,0.00,0.00,0,0
1534988088,lo,0.00,0.00,0.00,0,0,0.00,0.00,0.00,0,0,0.00,0.00,0,0
1534988088,s1-eth1,1223900.00,26664.00,1250564.00,26664,1223900,422.00,404.00,826.00,404,422,0.00,0.00,0,0
1534988088,eth1,0.00,0.00,0.00,0,0,0.00,0.00,0.00,0,0,0.00,0.00,0,0
1534988088,eth0,0.00,0.00,0.00,0,0,0.00,0.00,0.00,0,0,0.00,0.00,0,0
1534988088,total,1250564.00,1250564.00,2501128.00,1250564,1250564,826.00,826.00,1652.00,826,826,0.00,0.00,0,0
1534988089,s1-eth2,26664.00,1223900.00,1250564.00,1223900,26664,404.00,422.00,826.00,422,404,0.00,0.00,0,0
1534988089,lo,0.00,0.00,0.00,0,0,0.00,0.00,0.00,0,0,0.00,0.00,0,0
1534988089,s1-eth1,1223900.00,26664.00,1250564.00,26664,1223900,422.00,404.00,826.00,404,422,0.00,0.00,0,0
1534988089,eth1,0.00,0.00,0.00,0,0,0.00,0.00,0.00,0,0,0.00,0.00,0,0
1534988089,eth0,0.00,0.00,0.00,0,0,0.00,0.00,0.00,0,0,0.00,0.00,0,0
1534988089,total,1250564.00,1250564.00,2501128.00,1250564,1250564,826.00,826.00,1652.00,826,826,0.00,0.00,0,0
1534988090,s1-eth2,26664.00,1225414.00,1252078.00,1225414,26664,404.00,423.00,827.00,423,404,0.00,0.00,0,0
1534988090,lo,0.00,0.00,0.00,0,0,0.00,0.00,0.00,0,0,0.00,0.00,0,0
1534988090,s1-eth1,1225414.00,26598.00,1252012.00,26598,1225414,423.00,403.00,826.00,403,423,0.00,0.00,0,0
1534988090,eth1,0.00,0.00,0.00,0,0,0.00,0.00,0.00,0,0,0.00,0.00,0,0
1534988090,eth0,0.00,0.00,0.00,0,0,0.00,0.00,0.00,0,0,0.00,0.00,0,0
1534988090,total,1252078.00,1252012.00,2504090.00,1252012,1252078,827.00,826.00,1653.00,826,827,0.00,0.00,0,0
1534988091,s1-eth2,26730.00,1223900.00,1250630.00,1223900,26730,405.00,422.00,827.00,422,405,0.00,0.00,0,0
1534988091,lo,172.00,172.00,344.00,172,172,3.00,3.00,6.00,3,3,0.00,0.00,0,0
1534988091,s1-eth1,1223900.00,26730.00,1250630.00,26730,1223900,422.00,405.00,827.00,405,422,0.00,0.00,0,0
1534988091,eth1,0.00,0.00,0.00,0,0,0.00,0.00,0.00,0,0,0.00,0.00,0,0
1534988091,eth0,4623.00,2497.00,7120.00,2497,4623,10.00,10.00,20.00,10,10,0.00,0.00,0,0
1534988091,total,1255425.00,1253299.00,2508724.00,1253299,1255425,840.00,840.00,1680.00,840,840,0.00,0.00,0,0
1534988092,s1-eth2,26796.00,1222452.00,1249248.00,1222452,26796,406.00,422.00,828.00,422,406,0.00,0.00,0,0
1534988092,lo,0.00,0.00,0.00,0,0,0.00,0.00,0.00,0,0,0.00,0.00,0,0
1534988092,s1-eth1,1223900.00,26796.00,1250696.00,26796,1223900,422.00,406.00,828.00,406,422,0.00,0.00,0,0
1534988092,eth1,0.00,0.00,0.00,0,0,0.00,0.00,0.00,0,0,0.00,0.00,0,0
1534988092,eth0,0.00,0.00,0.00,0,0,0.00,0.00,0.00,0,0,0.00,0.00,0,0
1534988092,total,1250696.00,1249248.00,2499944.00,1249248,1250696,828.00,828.00,1656.00,828,828,0.00,0.00,0,0
1534988093,s1-eth2,26730.00,1223900.00,1250630.00,1223900,26730,405.00,422.00,827.00,422,405,0.00,0.00,0,0
1534988093,lo,0.00,0.00,0.00,0,0,0.00,0.00,0.00,0,0,0.00,0.00,0,0
1534988093,s1-eth1,1222452.00,26730.00,1249182.00,26730,1222452,422.00,405.00,827.00,405,422,0.00,0.00,0,0
1534988093,eth1,0.00,0.00,0.00,0,0,0.00,0.00,0.00,0,0,0.00,0.00,0,0
1534988093,eth0,0.00,0.00,0.00,0,0,0.00,0.00,0.00,0,0,0.00,0.00,0,0
1534988093,total,1249182.00,1250630.00,2499812.00,1250630,1249182,827.00,827.00,1654.00,827,827,0.00,0.00,0,0
1534988094,s1-eth2,26730.00,1223900.00,1250630.00,1223900,26730,405.00,422.00,827.00,422,405,0.00,0.00,0,0
1534988094,lo,0.00,0.00,0.00,0,0,0.00,0.00,0.00,0,0,0.00,0.00,0,0
1534988094,s1-eth1,1223900.00,26730.00,1250630.00,26730,1223900,422.00,405.00,827.00,405,422,0.00,0.00,0,0
1534988094,eth1,0.00,0.00,0.00,0,0,0.00,0.00,0.00,0,0,0.00,0.00,0,0
1534988094,eth0,0.00,0.00,0.00,0,0,0.00,0.00,0.00,0,0,0.00,0.00,0,0
1534988094,total,1250630.00,1250630.00,2501260.00,1250630,1250630,827.00,827.00,1654.00,827,827,0.00,0.00,0,0
1534988095,s1-eth2,25872.00,1223508.00,1249380.00,1223508,25872,392.00,438.00,830.00,438,392,0.00,0.00,0,0
1534988095,lo,0.00,0.00,0.00,0,0,0.00,0.00,0.00,0,0,0.00,0.00,0,0
1534988095,s1-eth1,1223508.00,25872.00,1249380.00,25872,1223508,438.00,392.00,830.00,392,438,0.00,0.00,0,0
1534988095,eth1,0.00,0.00,0.00,0,0,0.00,0.00,0.00,0,0,0.00,0.00,0,0
1534988095,eth0,0.00,0.00,0.00,0,0,0.00,0.00,0.00,0,0,0.00,0.00,0,0
1534988095,total,1249380.00,1249380.00,2498760.00,1249380,1249380,830.00,830.00,1660.00,830,830,0.00,0.00,0,0
1534988096,s1-eth2,26532.00,1220938.00,1247470.00,1220938,26532,402.00,421.00,823.00,421,402,0.00,0.00,0,0
1534988096,lo,172.00,172.00,344.00,172,172,3.00,3.00,6.00,3,3,0.00,0.00,0,0
1534988096,s1-eth1,1220938.00,26598.00,1247536.00,26598,1220938,421.00,403.00,824.00,403,421,0.00,0.00,0,0
1534988096,eth1,0.00,0.00,0.00,0,0,0.00,0.00,0.00,0,0,0.00,0.00,0,0
1534988096,eth0,0.00,0.00,0.00,0,0,0.00,0.00,0.00,0,0,0.00,0.00,0,0
1534988096,total,1247642.00,1247708.00,2495350.00,1247708,1247642,826.00,827.00,1653.00,827,826,0.00,0.00,0,0
1534988097,s1-eth2,26664.00,1223900.00,1250564.00,1223900,26664,404.00,422.00,826.00,422,404,0.00,0.00,0,0
1534988097,lo,0.00,0.00,0.00,0,0,0.00,0.00,0.00,0,0,0.00,0.00,0,0
1534988097,s1-eth1,1223900.00,26664.00,1250564.00,26664,1223900,422.00,404.00,826.00,404,422,0.00,0.00,0,0
1534988097,eth1,0.00,0.00,0.00,0,0,0.00,0.00,0.00,0,0,0.00,0.00,0,0
1534988097,eth0,0.00,0.00,0.00,0,0,0.00,0.00,0.00,0,0,0.00,0.00,0,0
1534988097,total,1250564.00,1250564.00,2501128.00,1250564,1250564,826.00,826.00,1652.00,826,826,0.00,0.00,0,0
1534988098,s1-eth2,26664.00,1225414.00,1252078.00,1225414,26664,404.00,423.00,827.00,423,404,0.00,0.00,0,0
1534988098,lo,0.00,0.00,0.00,0,0,0.00,0.00,0.00,0,0,0.00,0.00,0,0
1534988098,s1-eth1,1225414.00,26598.00,1252012.00,26598,1225414,423.00,403.00,826.00,403,423,0.00,0.00,0,0
1534988098,eth1,0.00,0.00,0.00,0,0,0.00,0.00,0.00,0,0,0.00,0.00,0,0
1534988098,eth0,0.00,0.00,0.00,0,0,0.00,0.00,0.00,0,0,0.00,0.00,0,0
1534988098,total,1252078.00,1252012.00,2504090.00,1252012,1252078,827.00,826.00,1653.00,826,827,0.00,0.00,0,0
1534988099,s1-eth2,26598.00,1223900.00,1250498.00,1223900,26598,403.00,422.00,825.00,422,403,0.00,0.00,0,0
1534988099,lo,0.00,0.00,0.00,0,0,0.00,0.00,0.00,0,0,0.00,0.00,0,0
1534988099,s1-eth1,1223900.00,26664.00,1250564.00,26664,1223900,422.00,404.00,826.00,404,422,0.00,0.00,0,0
1534988099,eth1,0.00,0.00,0.00,0,0,0.00,0.00,0.00,0,0,0.00,0.00,0,0
1534988099,eth0,0.00,0.00,0.00,0,0,0.00,0.00,0.00,0,0,0.00,0.00,0,0
1534988099,total,1250498.00,1250564.00,2501062.00,1250564,1250498,825.00,826.00,1651.00,826,825,0.00,0.00,0,0
1534988100,s1-eth2,26664.00,1223900.00,1250564.00,1223900,26664,404.00,422.00,826.00,422,404,0.00,0.00,0,0
1534988100,lo,0.00,0.00,0.00,0,0,0.00,0.00,0.00,0,0,0.00,0.00,0,0
1534988100,s1-eth1,1223900.00,26664.00,1250564.00,26664,1223900,422.00,404.00,826.00,404,422,0.00,0.00,0,0
1534988100,eth1,0.00,0.00,0.00,0,0,0.00,0.00,0.00,0,0,0.00,0.00,0,0
1534988100,eth0,0.00,0.00,0.00,0,0,0.00,0.00,0.00,0,0,0.00,0.00,0,0
1534988100,total,1250564.00,1250564.00,2501128.00,1250564,1250564,826.00,826.00,1652.00,826,826,0.00,0.00,0,0
1534988101,s1-eth2,26334.00,1222782.00,1249116.00,1222782,26334,399.00,427.00,826.00,427,399,0.00,0.00,0,0
1534988101,lo,172.00,172.00,344.00,172,172,3.00,3.00,6.00,3,3,0.00,0.00,0,0
1534988101,s1-eth1,1222782.00,26268.00,1249050.00,26268,1222782,427.00,398.00,825.00,398,427,0.00,0.00,0,0
1534988101,eth1,0.00,0.00,0.00,0,0,0.00,0.00,0.00,0,0,0.00,0.00,0,0
1534988101,eth0,150.00,150.00,300.00,150,150,2.00,2.00,4.00,2,2,0.00,0.00,0,0
1534988101,total,1249438.00,1249372.00,2498810.00,1249372,1249438,831.00,830.00,1661.00,830,831,0.00,0.00,0,0
1534988102,s1-eth2,26070.00,1225220.00,1251290.00,1225220,26070,395.00,442.00,837.00,442,395,0.00,0.00,0,0
1534988102,lo,0.00,0.00,0.00,0,0,0.00,0.00,0.00,0,0,0.00,0.00,0,0
1534988102,s1-eth1,1225220.00,26070.00,1251290.00,26070,1225220,442.00,395.00,837.00,395,442,0.00,0.00,0,0
1534988102,eth1,0.00,0.00,0.00,0,0,0.00,0.00,0.00,0,0,0.00,0.00,0,0
1534988102,eth0,0.00,0.00,0.00,0,0,0.00,0.00,0.00,0,0,0.00,0.00,0,0
1534988102,total,1251290.00,1251290.00,2502580.00,1251290,1251290,837.00,837.00,1674.00,837,837,0.00,0.00,0,0
1534988103,s1-eth2,26598.00,1223900.00,1250498.00,1223900,26598,403.00,422.00,825.00,422,403,0.00,0.00,0,0
1534988103,lo,0.00,0.00,0.00,0,0,0.00,0.00,0.00,0,0,0.00,0.00,0,0
1534988103,s1-eth1,1223900.00,26664.00,1250564.00,26664,1223900,422.00,404.00,826.00,404,422,0.00,0.00,0,0
1534988103,eth1,0.00,0.00,0.00,0,0,0.00,0.00,0.00,0,0,0.00,0.00,0,0
1534988103,eth0,0.00,0.00,0.00,0,0,0.00,0.00,0.00,0,0,0.00,0.00,0,0
1534988103,total,1250498.00,1250564.00,2501062.00,1250564,1250498,825.00,826.00,1651.00,826,825,0.00,0.00,0,0
1534988104,s1-eth2,26664.00,1222452.00,1249116.00,1222452,26664,404.00,422.00,826.00,422,404,0.00,0.00,0,0
1534988104,lo,0.00,0.00,0.00,0,0,0.00,0.00,0.00,0,0,0.00,0.00,0,0
1534988104,s1-eth1,1222452.00,26664.00,1249116.00,26664,1222452,422.00,404.00,826.00,404,422,0.00,0.00,0,0
1534988104,eth1,0.00,0.00,0.00,0,0,0.00,0.00,0.00,0,0,0.00,0.00,0,0
1534988104,eth0,0.00,0.00,0.00,0,0,0.00,0.00,0.00,0,0,0.00,0.00,0,0
1534988104,total,1249116.00,1249116.00,2498232.00,1249116,1249116,826.00,826.00,1652.00,826,826,0.00,0.00,0,0
1534988105,s1-eth2,26664.00,1223900.00,1250564.00,1223900,26664,404.00,422.00,826.00,422,404,0.00,0.00,0,0
1534988105,lo,0.00,0.00,0.00,0,0,0.00,0.00,0.00,0,0,0.00,0.00,0,0
1534988105,s1-eth1,1223900.00,26598.00,1250498.00,26598,1223900,422.00,403.00,825.00,403,422,0.00,0.00,0,0
1534988105,eth1,0.00,0.00,0.00,0,0,0.00,0.00,0.00,0,0,0.00,0.00,0,0
1534988105,eth0,180.00,180.00,360.00,180,180,2.00,2.00,4.00,2,2,0.00,0.00,0,0
1534988105,total,1250744.00,1250678.00,2501422.00,1250678,1250744,828.00,827.00,1655.00,827,828,0.00,0.00,0,0
1534988106,s1-eth2,26664.00,1223900.00,1250564.00,1223900,26664,404.00,422.00,826.00,422,404,0.00,0.00,0,0
1534988106,lo,172.00,172.00,344.00,172,172,3.00,3.00,6.00,3,3,0.00,0.00,0,0
1534988106,s1-eth1,1223900.00,26664.00,1250564.00,26664,1223900,422.00,404.00,826.00,404,422,0.00,0.00,0,0
1534988106,eth1,0.00,0.00,0.00,0,0,0.00,0.00,0.00,0,0,0.00,0.00,0,0
1534988106,eth0,0.00,0.00,0.00,0,0,0.00,0.00,0.00,0,0,0.00,0.00,0,0
1534988106,total,1250736.00,1250736.00,2501472.00,1250736,1250736,829.00,829.00,1658.00,829,829,0.00,0.00,0,0
1534988107,s1-eth2,26532.00,1219490.00,1246022.00,1219490,26532,402.00,421.00,823.00,421,402,0.00,0.00,0,0
1534988107,lo,0.00,0.00,0.00,0,0,0.00,0.00,0.00,0,0,0.00,0.00,0,0
1534988107,s1-eth1,1219490.00,26532.00,1246022.00,26532,1219490,421.00,402.00,823.00,402,421,0.00,0.00,0,0
1534988107,eth1,0.00,0.00,0.00,0,0,0.00,0.00,0.00,0,0,0.00,0.00,0,0
1534988107,eth0,180.00,180.00,360.00,180,180,2.00,2.00,4.00,2,2,0.00,0.00,0,0
1534988107,total,1246202.00,1246202.00,2492404.00,1246202,1246202,825.00,825.00,1650.00,825,825,0.00,0.00,0,0
1534988108,s1-eth2,25608.00,1221994.00,1247602.00,1221994,25608,388.00,437.00,825.00,437,388,0.00,0.00,0,0
1534988108,lo,0.00,0.00,0.00,0,0,0.00,0.00,0.00,0,0,0.00,0.00,0,0
1534988108,s1-eth1,1221994.00,25674.00,1247668.00,25674,1221994,437.00,389.00,826.00,389,437,0.00,0.00,0,0
1534988108,eth1,0.00,0.00,0.00,0,0,0.00,0.00,0.00,0,0,0.00,0.00,0,0
1534988108,eth0,0.00,0.00,0.00,0,0,0.00,0.00,0.00,0,0,0.00,0.00,0,0
1534988108,total,1247602.00,1247668.00,2495270.00,1247668,1247602,825.00,826.00,1651.00,826,825,0.00,0.00,0,0
1534988109,s1-eth2,26664.00,1223900.00,1250564.00,1223900,26664,404.00,422.00,826.00,422,404,0.00,0.00,0,0
1534988109,lo,0.00,0.00,0.00,0,0,0.00,0.00,0.00,0,0,0.00,0.00,0,0
1534988109,s1-eth1,1223900.00,26664.00,1250564.00,26664,1223900,422.00,404.00,826.00,404,422,0.00,0.00,0,0
1534988109,eth1,0.00,0.00,0.00,0,0,0.00,0.00,0.00,0,0,0.00,0.00,0,0
1534988109,eth0,0.00,0.00,0.00,0,0,0.00,0.00,0.00,0,0,0.00,0.00,0,0
1534988109,total,1250564.00,1250564.00,2501128.00,1250564,1250564,826.00,826.00,1652.00,826,826,0.00,0.00,0,0
1534988110,s1-eth2,26664.00,1225414.00,1252078.00,1225414,26664,404.00,423.00,827.00,423,404,0.00,0.00,0,0
1534988110,lo,0.00,0.00,0.00,0,0,0.00,0.00,0.00,0,0,0.00,0.00,0,0
1534988110,s1-eth1,1225414.00,26598.00,1252012.00,26598,1225414,423.00,403.00,826.00,403,423,0.00,0.00,0,0
1534988110,eth1,0.00,0.00,0.00,0,0,0.00,0.00,0.00,0,0,0.00,0.00,0,0
1534988110,eth0,0.00,0.00,0.00,0,0,0.00,0.00,0.00,0,0,0.00,0.00,0,0
1534988110,total,1252078.00,1252012.00,2504090.00,1252012,1252078,827.00,826.00,1653.00,826,827,0.00,0.00,0,0
1534988111,s1-eth2,26598.00,1223900.00,1250498.00,1223900,26598,403.00,422.00,825.00,422,403,0.00,0.00,0,0
1534988111,lo,172.00,172.00,344.00,172,172,3.00,3.00,6.00,3,3,0.00,0.00,0,0
1534988111,s1-eth1,1223900.00,26664.00,1250564.00,26664,1223900,422.00,404.00,826.00,404,422,0.00,0.00,0,0
1534988111,eth1,0.00,0.00,0.00,0,0,0.00,0.00,0.00,0,0,0.00,0.00,0,0
1534988111,eth0,60.00,60.00,120.00,60,60,1.00,1.00,2.00,1,1,0.00,0.00,0,0
1534988111,total,1250730.00,1250796.00,2501526.00,1250796,1250730,829.00,830.00,1659.00,830,829,0.00,0.00,0,0
1534988112,s1-eth2,26730.00,1223900.00,1250630.00,1223900,26730,405.00,422.00,827.00,422,405,0.00,0.00,0,0
1534988112,lo,0.00,0.00,0.00,0,0,0.00,0.00,0.00,0,0,0.00,0.00,0,0
1534988112,s1-eth1,1223900.00,26664.00,1250564.00,26664,1223900,422.00,404.00,826.00,404,422,0.00,0.00,0,0
1534988112,eth1,0.00,0.00,0.00,0,0,0.00,0.00,0.00,0,0,0.00,0.00,0,0
1534988112,eth0,0.00,0.00,0.00,0,0,0.00,0.00,0.00,0,0,0.00,0.00,0,0
1534988112,total,1250630.00,1250564.00,2501194.00,1250564,1250630,827.00,826.00,1653.00,826,827,0.00,0.00,0,0
1534988113,s1-eth2,26532.00,1219490.00,1246022.00,1219490,26532,402.00,421.00,823.00,421,402,0.00,0.00,0,0
1534988113,lo,0.00,0.00,0.00,0,0,0.00,0.00,0.00,0,0,0.00,0.00,0,0
1534988113,s1-eth1,1219490.00,26532.00,1246022.00,26532,1219490,421.00,402.00,823.00,402,421,0.00,0.00,0,0
1534988113,eth1,0.00,200.00,200.00,200,0,0.00,1.00,1.00,1,0,0.00,0.00,0,0
1534988113,eth0,0.00,0.00,0.00,0,0,0.00,0.00,0.00,0,0,0.00,0.00,0,0
1534988113,total,1246022.00,1246222.00,2492244.00,1246222,1246022,823.00,824.00,1647.00,824,823,0.00,0.00,0,0
1534988114,s1-eth2,26532.00,1224098.00,1250630.00,1224098,26532,402.00,425.00,827.00,425,402,0.00,0.00,0,0
1534988114,lo,0.00,0.00,0.00,0,0,0.00,0.00,0.00,0,0,0.00,0.00,0,0
1534988114,s1-eth1,1224098.00,26532.00,1250630.00,26532,1224098,425.00,402.00,827.00,402,425,0.00,0.00,0,0
1534988114,eth1,0.00,0.00,0.00,0,0,0.00,0.00,0.00,0,0,0.00,0.00,0,0
1534988114,eth0,0.00,0.00,0.00,0,0,0.00,0.00,0.00,0,0,0.00,0.00,0,0
1534988114,total,1250630.00,1250630.00,2501260.00,1250630,1250630,827.00,827.00,1654.00,827,827,0.00,0.00,0,0
1534988115,s1-eth2,25872.00,1222324.00,1248196.00,1222324,25872,392.00,442.00,834.00,442,392,0.00,0.00,0,0
1534988115,lo,0.00,0.00,0.00,0,0,0.00,0.00,0.00,0,0,0.00,0.00,0,0
1534988115,s1-eth1,1222324.00,25938.00,1248262.00,25938,1222324,442.00,393.00,835.00,393,442,0.00,0.00,0,0
1534988115,eth1,0.00,0.00,0.00,0,0,0.00,0.00,0.00,0,0,0.00,0.00,0,0
1534988115,eth0,0.00,0.00,0.00,0,0,0.00,0.00,0.00,0,0,0.00,0.00,0,0
1534988115,total,1248196.00,1248262.00,2496458.00,1248262,1248196,834.00,835.00,1669.00,835,834,0.00,0.00,0,0
1534988116,s1-eth2,26706.00,1225414.00,1252120.00,1225414,26706,405.00,423.00,828.00,423,405,0.00,0.00,0,0
1534988116,lo,296.00,296.00,592.00,296,296,3.00,3.00,6.00,3,3,0.00,0.00,0,0
1534988116,s1-eth1,1225414.00,26640.00,1252054.00,26640,1225414,423.00,404.00,827.00,404,423,0.00,0.00,0,0
1534988116,eth1,0.00,0.00,0.00,0,0,0.00,0.00,0.00,0,0,0.00,0.00,0,0
1534988116,eth0,0.00,0.00,0.00,0,0,0.00,0.00,0.00,0,0,0.00,0.00,0,0
1534988116,total,1252416.00,1252350.00,2504766.00,1252350,1252416,831.00,830.00,1661.00,830,831,0.00,0.00,0,0
1534988117,s1-eth2,26664.00,1223942.00,1250606.00,1223942,26664,404.00,423.00,827.00,423,404,0.00,0.00,0,0
1534988117,lo,0.00,0.00,0.00,0,0,0.00,0.00,0.00,0,0,0.00,0.00,0,0
1534988117,s1-eth1,1223942.00,26664.00,1250606.00,26664,1223942,423.00,404.00,827.00,404,423,0.00,0.00,0,0
1534988117,eth1,0.00,0.00,0.00,0,0,0.00,0.00,0.00,0,0,0.00,0.00,0,0
1534988117,eth0,0.00,0.00,0.00,0,0,0.00,0.00,0.00,0,0,0.00,0.00,0,0
1534988117,total,1250606.00,1250606.00,2501212.00,1250606,1250606,827.00,827.00,1654.00,827,827,0.00,0.00,0,0
1534988118,s1-eth2,26664.00,1223900.00,1250564.00,1223900,26664,404.00,422.00,826.00,422,404,0.00,0.00,0,0
1534988118,lo,0.00,0.00,0.00,0,0,0.00,0.00,0.00,0,0,0.00,0.00,0,0
1534988118,s1-eth1,1223900.00,26664.00,1250564.00,26664,1223900,422.00,404.00,826.00,404,422,0.00,0.00,0,0
1534988118,eth1,0.00,0.00,0.00,0,0,0.00,0.00,0.00,0,0,0.00,0.00,0,0
1534988118,eth0,0.00,0.00,0.00,0,0,0.00,0.00,0.00,0,0,0.00,0.00,0,0
1534988118,total,1250564.00,1250564.00,2501128.00,1250564,1250564,826.00,826.00,1652.00,826,826,0.00,0.00,0,0
1534988119,s1-eth2,26598.00,1222452.00,1249050.00,1222452,26598,403.00,422.00,825.00,422,403,0.00,0.00,0,0
1534988119,lo,0.00,0.00,0.00,0,0,0.00,0.00,0.00,0,0,0.00,0.00,0,0
1534988119,s1-eth1,1222452.00,26664.00,1249116.00,26664,1222452,422.00,404.00,826.00,404,422,0.00,0.00,0,0
1534988119,eth1,0.00,0.00,0.00,0,0,0.00,0.00,0.00,0,0,0.00,0.00,0,0
1534988119,eth0,0.00,0.00,0.00,0,0,0.00,0.00,0.00,0,0,0.00,0.00,0,0
1534988119,total,1249050.00,1249116.00,2498166.00,1249116,1249050,825.00,826.00,1651.00,826,825,0.00,0.00,0,0
1534988120,s1-eth2,26664.00,1223900.00,1250564.00,1223900,26664,404.00,422.00,826.00,422,404,0.00,0.00,0,0
1534988120,lo,172.00,172.00,344.00,172,172,3.00,3.00,6.00,3,3,0.00,0.00,0,0
1534988120,s1-eth1,1223900.00,26664.00,1250564.00,26664,1223900,422.00,404.00,826.00,404,422,0.00,0.00,0,0
1534988120,eth1,0.00,0.00,0.00,0,0,0.00,0.00,0.00,0,0,0.00,0.00,0,0
1534988120,eth0,0.00,0.00,0.00,0,0,0.00,0.00,0.00,0,0,0.00,0.00,0,0
1534988120,total,1250736.00,1250736.00,2501472.00,1250736,1250736,829.00,829.00,1658.00,829,829,0.00,0.00,0,0
1534988121,s1-eth2,25806.00,1226404.00,1252210.00,1226404,25806,391.00,438.00,829.00,438,391,0.00,0.00,0,0
1534988121,lo,0.00,0.00,0.00,0,0,0.00,0.00,0.00,0,0,0.00,0.00,0,0
1534988121,s1-eth1,1224890.00,25806.00,1250696.00,25806,1224890,437.00,391.00,828.00,391,437,0.00,0.00,0,0
1534988121,eth1,0.00,0.00,0.00,0,0,0.00,0.00,0.00,0,0,0.00,0.00,0,0
1534988121,eth0,60.00,60.00,120.00,60,60,1.00,1.00,2.00,1,1,0.00,0.00,0,0
1534988121,total,1250756.00,1252270.00,2503026.00,1252270,1250756,829.00,830.00,1659.00,830,829,0.00,0.00,0,0
1534988122,s1-eth2,26598.00,1223900.00,1250498.00,1223900,26598,403.00,422.00,825.00,422,403,0.00,0.00,0,0
1534988122,lo,0.00,0.00,0.00,0,0,0.00,0.00,0.00,0,0,0.00,0.00,0,0
1534988122,s1-eth1,1225414.00,26598.00,1252012.00,26598,1225414,423.00,403.00,826.00,403,423,0.00,0.00,0,0
1534988122,eth1,0.00,0.00,0.00,0,0,0.00,0.00,0.00,0,0,0.00,0.00,0,0
1534988122,eth0,0.00,0.00,0.00,0,0,0.00,0.00,0.00,0,0,0.00,0.00,0,0
1534988122,total,1252012.00,1250498.00,2502510.00,1250498,1252012,826.00,825.00,1651.00,825,826,0.00,0.00,0,0
1534988123,s1-eth2,26664.00,1223900.00,1250564.00,1223900,26664,404.00,422.00,826.00,422,404,0.00,0.00,0,0
1534988123,lo,0.00,0.00,0.00,0,0,0.00,0.00,0.00,0,0,0.00,0.00,0,0
1534988123,s1-eth1,1223900.00,26664.00,1250564.00,26664,1223900,422.00,404.00,826.00,404,422,0.00,0.00,0,0
1534988123,eth1,0.00,0.00,0.00,0,0,0.00,0.00,0.00,0,0,0.00,0.00,0,0
1534988123,eth0,0.00,0.00,0.00,0,0,0.00,0.00,0.00,0,0,0.00,0.00,0,0
1534988123,total,1250564.00,1250564.00,2501128.00,1250564,1250564,826.00,826.00,1652.00,826,826,0.00,0.00,0,0
1534988124,s1-eth2,26664.00,1219490.00,1246154.00,1219490,26664,404.00,421.00,825.00,421,404,0.00,0.00,0,0
1534988124,lo,0.00,0.00,0.00,0,0,0.00,0.00,0.00,0,0,0.00,0.00,0,0
1534988124,s1-eth1,1217976.00,26598.00,1244574.00,26598,1217976,420.00,403.00,823.00,403,420,0.00,0.00,0,0
1534988124,eth1,0.00,0.00,0.00,0,0,0.00,0.00,0.00,0,0,0.00,0.00,0,0
1534988124,eth0,0.00,0.00,0.00,0,0,0.00,0.00,0.00,0,0,0.00,0.00,0,0
1534988124,total,1244640.00,1246088.00,2490728.00,1246088,1244640,824.00,824.00,1648.00,824,824,0.00,0.00,0,0
1534988125,s1-eth2,26598.00,1223900.00,1250498.00,1223900,26598,403.00,422.00,825.00,422,403,0.00,0.00,0,0
1534988125,lo,172.00,172.00,344.00,172,172,3.00,3.00,6.00,3,3,0.00,0.00,0,0
1534988125,s1-eth1,1225414.00,26598.00,1252012.00,26598,1225414,423.00,403.00,826.00,403,423,0.00,0.00,0,0
1534988125,eth1,0.00,0.00,0.00,0,0,0.00,0.00,0.00,0,0,0.00,0.00,0,0
1534988125,eth0,0.00,0.00,0.00,0,0,0.00,0.00,0.00,0,0,0.00,0.00,0,0
1534988125,total,1252184.00,1250670.00,2502854.00,1250670,1252184,829.00,828.00,1657.00,828,829,0.00,0.00,0,0
1534988126,s1-eth2,26664.00,1223900.00,1250564.00,1223900,26664,404.00,422.00,826.00,422,404,0.00,0.00,0,0
1534988126,lo,0.00,0.00,0.00,0,0,0.00,0.00,0.00,0,0,0.00,0.00,0,0
1534988126,s1-eth1,1223900.00,26664.00,1250564.00,26664,1223900,422.00,404.00,826.00,404,422,0.00,0.00,0,0
1534988126,eth1,0.00,0.00,0.00,0,0,0.00,0.00,0.00,0,0,0.00,0.00,0,0
1534988126,eth0,0.00,0.00,0.00,0,0,0.00,0.00,0.00,0,0,0.00,0.00,0,0
1534988126,total,1250564.00,1250564.00,2501128.00,1250564,1250564,826.00,826.00,1652.00,826,826,0.00,0.00,0,0
1534988127,s1-eth2,26532.00,1219490.00,1246022.00,1219490,26532,402.00,421.00,823.00,421,402,0.00,0.00,0,0
1534988127,lo,0.00,0.00,0.00,0,0,0.00,0.00,0.00,0,0,0.00,0.00,0,0
1534988127,s1-eth1,1217976.00,26598.00,1244574.00,26598,1217976,420.00,403.00,823.00,403,420,0.00,0.00,0,0
1534988127,eth1,0.00,0.00,0.00,0,0,0.00,0.00,0.00,0,0,0.00,0.00,0,0
1534988127,eth0,0.00,0.00,0.00,0,0,0.00,0.00,0.00,0,0,0.00,0.00,0,0
1534988127,total,1244508.00,1246088.00,2490596.00,1246088,1244508,822.00,824.00,1646.00,824,822,0.00,0.00,0,0
1534988128,s1-eth2,25608.00,1222588.00,1248196.00,1222588,25608,388.00,446.00,834.00,446,388,0.00,0.00,0,0
1534988128,lo,0.00,0.00,0.00,0,0,0.00,0.00,0.00,0,0,0.00,0.00,0,0
1534988128,s1-eth1,1224102.00,25608.00,1249710.00,25608,1224102,447.00,388.00,835.00,388,447,0.00,0.00,0,0
1534988128,eth1,0.00,0.00,0.00,0,0,0.00,0.00,0.00,0,0,0.00,0.00,0,0
1534988128,eth0,0.00,0.00,0.00,0,0,0.00,0.00,0.00,0,0,0.00,0.00,0,0
1534988128,total,1249710.00,1248196.00,2497906.00,1248196,1249710,835.00,834.00,1669.00,834,835,0.00,0.00,0,0
1534988129,s1-eth2,26664.00,1223900.00,1250564.00,1223900,26664,404.00,422.00,826.00,422,404,0.00,0.00,0,0
1534988129,lo,0.00,0.00,0.00,0,0,0.00,0.00,0.00,0,0,0.00,0.00,0,0
1534988129,s1-eth1,1223900.00,26664.00,1250564.00,26664,1223900,422.00,404.00,826.00,404,422,0.00,0.00,0,0
1534988129,eth1,0.00,0.00,0.00,0,0,0.00,0.00,0.00,0,0,0.00,0.00,0,0
1534988129,eth0,0.00,0.00,0.00,0,0,0.00,0.00,0.00,0,0,0.00,0.00,0,0
1534988129,total,1250564.00,1250564.00,2501128.00,1250564,1250564,826.00,826.00,1652.00,826,826,0.00,0.00,0,0
1534988130,s1-eth2,26664.00,1225414.00,1252078.00,1225414,26664,404.00,423.00,827.00,423,404,0.00,0.00,0,0
1534988130,lo,172.00,172.00,344.00,172,172,3.00,3.00,6.00,3,3,0.00,0.00,0,0
1534988130,s1-eth1,1225414.00,26598.00,1252012.00,26598,1225414,423.00,403.00,826.00,403,423,0.00,0.00,0,0
1534988130,eth1,0.00,0.00,0.00,0,0,0.00,0.00,0.00,0,0,0.00,0.00,0,0
1534988130,eth0,0.00,0.00,0.00,0,0,0.00,0.00,0.00,0,0,0.00,0.00,0,0
1534988130,total,1252250.00,1252184.00,2504434.00,1252184,1252250,830.00,829.00,1659.00,829,830,0.00,0.00,0,0
1534988131,s1-eth2,26664.00,1223900.00,1250564.00,1223900,26664,404.00,422.00,826.00,422,404,0.00,0.00,0,0
1534988131,lo,0.00,0.00,0.00,0,0,0.00,0.00,0.00,0,0,0.00,0.00,0,0
1534988131,s1-eth1,1220938.00,26664.00,1247602.00,26664,1220938,421.00,404.00,825.00,404,421,0.00,0.00,0,0
1534988131,eth1,0.00,0.00,0.00,0,0,0.00,0.00,0.00,0,0,0.00,0.00,0,0
1534988131,eth0,60.00,60.00,120.00,60,60,1.00,1.00,2.00,1,1,0.00,0.00,0,0
1534988131,total,1247662.00,1250624.00,2498286.00,1250624,1247662,826.00,827.00,1653.00,827,826,0.00,0.00,0,0
1534988132,s1-eth2,26664.00,1223900.00,1250564.00,1223900,26664,404.00,422.00,826.00,422,404,0.00,0.00,0,0
1534988132,lo,0.00,0.00,0.00,0,0,0.00,0.00,0.00,0,0,0.00,0.00,0,0
1534988132,s1-eth1,1226862.00,26664.00,1253526.00,26664,1226862,423.00,404.00,827.00,404,423,0.00,0.00,0,0
1534988132,eth1,0.00,0.00,0.00,0,0,0.00,0.00,0.00,0,0,0.00,0.00,0,0
1534988132,eth0,0.00,0.00,0.00,0,0,0.00,0.00,0.00,0,0,0.00,0.00,0,0
1534988132,total,1253526.00,1250564.00,2504090.00,1250564,1253526,827.00,826.00,1653.00,826,827,0.00,0.00,0,0
1534988133,s1-eth2,26598.00,1222452.00,1249050.00,1222452,26598,403.00,422.00,825.00,422,403,0.00,0.00,0,0
1534988133,lo,0.00,0.00,0.00,0,0,0.00,0.00,0.00,0,0,0.00,0.00,0,0
1534988133,s1-eth1,1222452.00,26664.00,1249116.00,26664,1222452,422.00,404.00,826.00,404,422,0.00,0.00,0,0
1534988133,eth1,0.00,0.00,0.00,0,0,0.00,0.00,0.00,0,0,0.00,0.00,0,0
1534988133,eth0,0.00,0.00,0.00,0,0,0.00,0.00,0.00,0,0,0.00,0.00,0,0
1534988133,total,1249050.00,1249116.00,2498166.00,1249116,1249050,825.00,826.00,1651.00,826,825,0.00,0.00,0,0
1534988134,s1-eth2,26664.00,1223900.00,1250564.00,1223900,26664,404.00,422.00,826.00,422,404,0.00,0.00,0,0
1534988134,lo,0.00,0.00,0.00,0,0,0.00,0.00,0.00,0,0,0.00,0.00,0,0
1534988134,s1-eth1,1223900.00,26664.00,1250564.00,26664,1223900,422.00,404.00,826.00,404,422,0.00,0.00,0,0
1534988134,eth1,0.00,0.00,0.00,0,0,0.00,0.00,0.00,0,0,0.00,0.00,0,0
1534988134,eth0,0.00,0.00,0.00,0,0,0.00,0.00,0.00,0,0,0.00,0.00,0,0
1534988134,total,1250564.00,1250564.00,2501128.00,1250564,1250564,826.00,826.00,1652.00,826,826,0.00,0.00,0,0
1534988135,s1-eth2,25740.00,1221862.00,1247602.00,1221862,25740,390.00,435.00,825.00,435,390,0.00,0.00,0,0
1534988135,lo,172.00,172.00,344.00,172,172,3.00,3.00,6.00,3,3,0.00,0.00,0,0
1534988135,s1-eth1,1221862.00,25740.00,1247602.00,25740,1221862,435.00,390.00,825.00,390,435,0.00,0.00,0,0
1534988135,eth1,0.00,0.00,0.00,0,0,0.00,0.00,0.00,0,0,0.00,0.00,0,0
1534988135,eth0,0.00,0.00,0.00,0,0,0.00,0.00,0.00,0,0,0.00,0.00,0,0
1534988135,total,1247774.00,1247774.00,2495548.00,1247774,1247774,828.00,828.00,1656.00,828,828,0.00,0.00,0,0
1534988136,s1-eth2,26664.00,1225414.00,1252078.00,1225414,26664,404.00,423.00,827.00,423,404,0.00,0.00,0,0
1534988136,lo,0.00,0.00,0.00,0,0,0.00,0.00,0.00,0,0,0.00,0.00,0,0
1534988136,s1-eth1,1225414.00,26598.00,1252012.00,26598,1225414,423.00,403.00,826.00,403,423,0.00,0.00,0,0
1534988136,eth1,0.00,0.00,0.00,0,0,0.00,0.00,0.00,0,0,0.00,0.00,0,0
1534988136,eth0,60.00,60.00,120.00,60,60,1.00,1.00,2.00,1,1,0.00,0.00,0,0
1534988136,total,1252138.00,1252072.00,2504210.00,1252072,1252138,828.00,827.00,1655.00,827,828,0.00,0.00,0,0
1534988137,s1-eth2,26664.00,1223900.00,1250564.00,1223900,26664,404.00,422.00,826.00,422,404,0.00,0.00,0,0
1534988137,lo,0.00,0.00,0.00,0,0,0.00,0.00,0.00,0,0,0.00,0.00,0,0
1534988137,s1-eth1,1223900.00,26664.00,1250564.00,26664,1223900,422.00,404.00,826.00,404,422,0.00,0.00,0,0
1534988137,eth1,0.00,0.00,0.00,0,0,0.00,0.00,0.00,0,0,0.00,0.00,0,0
1534988137,eth0,0.00,0.00,0.00,0,0,0.00,0.00,0.00,0,0,0.00,0.00,0,0
1534988137,total,1250564.00,1250564.00,2501128.00,1250564,1250564,826.00,826.00,1652.00,826,826,0.00,0.00,0,0
1534988138,s1-eth2,26532.00,1217976.00,1244508.00,1217976,26532,402.00,420.00,822.00,420,402,0.00,0.00,0,0
1534988138,lo,0.00,0.00,0.00,0,0,0.00,0.00,0.00,0,0,0.00,0.00,0,0
1534988138,s1-eth1,1217976.00,26598.00,1244574.00,26598,1217976,420.00,403.00,823.00,403,420,0.00,0.00,0,0
1534988138,eth1,0.00,0.00,0.00,0,0,0.00,0.00,0.00,0,0,0.00,0.00,0,0
1534988138,eth0,0.00,0.00,0.00,0,0,0.00,0.00,0.00,0,0,0.00,0.00,0,0
1534988138,total,1244508.00,1244574.00,2489082.00,1244574,1244508,822.00,823.00,1645.00,823,822,0.00,0.00,0,0
1534988139,s1-eth2,26664.00,1225414.00,1252078.00,1225414,26664,404.00,423.00,827.00,423,404,0.00,0.00,0,0
1534988139,lo,0.00,0.00,0.00,0,0,0.00,0.00,0.00,0,0,0.00,0.00,0,0
1534988139,s1-eth1,1225414.00,26598.00,1252012.00,26598,1225414,423.00,403.00,826.00,403,423,0.00,0.00,0,0
1534988139,eth1,0.00,0.00,0.00,0,0,0.00,0.00,0.00,0,0,0.00,0.00,0,0
1534988139,eth0,0.00,0.00,0.00,0,0,0.00,0.00,0.00,0,0,0.00,0.00,0,0
1534988139,total,1252078.00,1252012.00,2504090.00,1252012,1252078,827.00,826.00,1653.00,826,827,0.00,0.00,0,0
1534988140,s1-eth2,26664.00,1223900.00,1250564.00,1223900,26664,404.00,422.00,826.00,422,404,0.00,0.00,0,0
1534988140,lo,172.00,172.00,344.00,172,172,3.00,3.00,6.00,3,3,0.00,0.00,0,0
1534988140,s1-eth1,1223900.00,26664.00,1250564.00,26664,1223900,422.00,404.00,826.00,404,422,0.00,0.00,0,0
1534988140,eth1,0.00,0.00,0.00,0,0,0.00,0.00,0.00,0,0,0.00,0.00,0,0
1534988140,eth0,0.00,0.00,0.00,0,0,0.00,0.00,0.00,0,0,0.00,0.00,0,0
1534988140,total,1250736.00,1250736.00,2501472.00,1250736,1250736,829.00,829.00,1658.00,829,829,0.00,0.00,0,0
1534988141,s1-eth2,25674.00,1226012.00,1251686.00,1226012,25674,389.00,454.00,843.00,454,389,0.00,0.00,0,0
1534988141,lo,0.00,0.00,0.00,0,0,0.00,0.00,0.00,0,0,0.00,0.00,0,0
1534988141,s1-eth1,1226012.00,25674.00,1251686.00,25674,1226012,454.00,389.00,843.00,389,454,0.00,0.00,0,0
1534988141,eth1,0.00,0.00,0.00,0,0,0.00,0.00,0.00,0,0,0.00,0.00,0,0
1534988141,eth0,60.00,60.00,120.00,60,60,1.00,1.00,2.00,1,1,0.00,0.00,0,0
1534988141,total,1251746.00,1251746.00,2503492.00,1251746,1251746,844.00,844.00,1688.00,844,844,0.00,0.00,0,0
1534988142,s1-eth2,26598.00,1222452.00,1249050.00,1222452,26598,403.00,422.00,825.00,422,403,0.00,0.00,0,0
1534988142,lo,0.00,0.00,0.00,0,0,0.00,0.00,0.00,0,0,0.00,0.00,0,0
1534988142,s1-eth1,1222452.00,26664.00,1249116.00,26664,1222452,422.00,404.00,826.00,404,422,0.00,0.00,0,0
1534988142,eth1,0.00,0.00,0.00,0,0,0.00,0.00,0.00,0,0,0.00,0.00,0,0
1534988142,eth0,0.00,0.00,0.00,0,0,0.00,0.00,0.00,0,0,0.00,0.00,0,0
1534988142,total,1249050.00,1249116.00,2498166.00,1249116,1249050,825.00,826.00,1651.00,826,825,0.00,0.00,0,0
1534988143,s1-eth2,26664.00,1223900.00,1250564.00,1223900,26664,404.00,422.00,826.00,422,404,0.00,0.00,0,0
1534988143,lo,0.00,0.00,0.00,0,0,0.00,0.00,0.00,0,0,0.00,0.00,0,0
1534988143,s1-eth1,1223900.00,26664.00,1250564.00,26664,1223900,422.00,404.00,826.00,404,422,0.00,0.00,0,0
1534988143,eth1,0.00,200.00,200.00,200,0,0.00,1.00,1.00,1,0,0.00,0.00,0,0
1534988143,eth0,0.00,0.00,0.00,0,0,0.00,0.00,0.00,0,0,0.00,0.00,0,0
1534988143,total,1250564.00,1250764.00,2501328.00,1250764,1250564,826.00,827.00,1653.00,827,826,0.00,0.00,0,0
1534988144,s1-eth2,26664.00,1223900.00,1250564.00,1223900,26664,404.00,422.00,826.00,422,404,0.00,0.00,0,0
1534988144,lo,0.00,0.00,0.00,0,0,0.00,0.00,0.00,0,0,0.00,0.00,0,0
1534988144,s1-eth1,1223900.00,26664.00,1250564.00,26664,1223900,422.00,404.00,826.00,404,422,0.00,0.00,0,0
1534988144,eth1,0.00,0.00,0.00,0,0,0.00,0.00,0.00,0,0,0.00,0.00,0,0
1534988144,eth0,0.00,0.00,0.00,0,0,0.00,0.00,0.00,0,0,0.00,0.00,0,0
1534988144,total,1250564.00,1250564.00,2501128.00,1250564,1250564,826.00,826.00,1652.00,826,826,0.00,0.00,0,0
1534988145,s1-eth2,26598.00,1222452.00,1249050.00,1222452,26598,403.00,422.00,825.00,422,403,0.00,0.00,0,0
1534988145,lo,172.00,172.00,344.00,172,172,3.00,3.00,6.00,3,3,0.00,0.00,0,0
1534988145,s1-eth1,1222452.00,26532.00,1248984.00,26532,1222452,422.00,402.00,824.00,402,422,0.00,0.00,0,0
1534988145,eth1,0.00,0.00,0.00,0,0,0.00,0.00,0.00,0,0,0.00,0.00,0,0
1534988145,eth0,0.00,0.00,0.00,0,0,0.00,0.00,0.00,0,0,0.00,0.00,0,0
1534988145,total,1249222.00,1249156.00,2498378.00,1249156,1249222,828.00,827.00,1655.00,827,828,0.00,0.00,0,0
1534988146,s1-eth2,26706.00,1223942.00,1250648.00,1223942,26706,405.00,423.00,828.00,423,405,0.00,0.00,0,0
1534988146,lo,0.00,0.00,0.00,0,0,0.00,0.00,0.00,0,0,0.00,0.00,0,0
1534988146,s1-eth1,1223942.00,26706.00,1250648.00,26706,1223942,423.00,405.00,828.00,405,423,0.00,0.00,0,0
1534988146,eth1,0.00,0.00,0.00,0,0,0.00,0.00,0.00,0,0,0.00,0.00,0,0
1534988146,eth0,0.00,0.00,0.00,0,0,0.00,0.00,0.00,0,0,0.00,0.00,0,0
1534988146,total,1250648.00,1250648.00,2501296.00,1250648,1250648,828.00,828.00,1656.00,828,828,0.00,0.00,0,0
1534988147,s1-eth2,26598.00,1220938.00,1247536.00,1220938,26598,403.00,421.00,824.00,421,403,0.00,0.00,0,0
1534988147,lo,0.00,0.00,0.00,0,0,0.00,0.00,0.00,0,0,0.00,0.00,0,0
1534988147,s1-eth1,1220938.00,26664.00,1247602.00,26664,1220938,421.00,404.00,825.00,404,421,0.00,0.00,0,0
1534988147,eth1,0.00,0.00,0.00,0,0,0.00,0.00,0.00,0,0,0.00,0.00,0,0
1534988147,eth0,0.00,0.00,0.00,0,0,0.00,0.00,0.00,0,0,0.00,0.00,0,0
1534988147,total,1247536.00,1247602.00,2495138.00,1247602,1247536,824.00,825.00,1649.00,825,824,0.00,0.00,0,0
1534988148,s1-eth2,25674.00,1220546.00,1246220.00,1220546,25674,389.00,437.00,826.00,437,389,0.00,0.00,0,0
1534988148,lo,0.00,0.00,0.00,0,0,0.00,0.00,0.00,0,0,0.00,0.00,0,0
1534988148,s1-eth1,1220546.00,25674.00,1246220.00,25674,1220546,437.00,389.00,826.00,389,437,0.00,0.00,0,0
1534988148,eth1,0.00,0.00,0.00,0,0,0.00,0.00,0.00,0,0,0.00,0.00,0,0
1534988148,eth0,0.00,0.00,0.00,0,0,0.00,0.00,0.00,0,0,0.00,0.00,0,0
1534988148,total,1246220.00,1246220.00,2492440.00,1246220,1246220,826.00,826.00,1652.00,826,826,0.00,0.00,0,0
1534988149,s1-eth2,11682.00,526846.00,538528.00,526846,11