1535204417,s3-eth1,0.00,0.00,0.00,0,0,0.00,0.00,0.00,0,0,0.00,0.00,0,0
1535204417,s1-eth2,0.00,0.00,0.00,0,0,0.00,0.00,0.00,0,0,0.00,0.00,0,0
1535204417,s2-eth1,0.00,0.00,0.00,0,0,0.00,0.00,0.00,0,0,0.00,0.00,0,0
1535204417,lo,0.00,0.00,0.00,0,0,0.00,0.00,0.00,0,0,0.00,0.00,0,0
1535204417,s3-eth2,0.00,0.00,0.00,0,0,0.00,0.00,0.00,0,0,0.00,0.00,0,0
1535204417,s1-eth1,0.00,0.00,0.00,0,0,0.00,0.00,0.00,0,0,0.00,0.00,0,0
1535204417,s2-eth2,0.00,0.00,0.00,0,0,0.00,0.00,0.00,0,0,0.00,0.00,0,0
1535204417,eth1,0.00,0.00,0.00,0,0,0.00,0.00,0.00,0,0,0.00,0.00,0,0
1535204417,eth0,0.00,0.00,0.00,0,0,0.00,0.00,0.00,0,0,0.00,0.00,0,0
1535204417,total,0.00,0.00,0.00,0,0,0.00,0.00,0.00,0,0,0.00,0.00,0,0
1535204418,s3-eth1,1225414.00,26664.00,1252078.00,26664,1225414,423.00,404.00,827.00,404,423,0.00,0.00,0,0
1535204418,s1-eth2,26664.00,1225414.00,1252078.00,1225414,26664,404.00,423.00,827.00,423,404,0.00,0.00,0,0
1535204418,s2-eth1,1225414.00,26664.00,1252078.00,26664,1225414,423.00,404.00,827.00,404,423,0.00,0.00,0,0
1535204418,lo,0.00,0.00,0.00,0,0,0.00,0.00,0.00,0,0,0.00,0.00,0,0
1535204418,s3-eth2,26664.00,1225414.00,1252078.00,1225414,26664,404.00,423.00,827.00,423,404,0.00,0.00,0,0
1535204418,s1-eth1,1225414.00,26664.00,1252078.00,26664,1225414,423.00,404.00,827.00,404,423,0.00,0.00,0,0
1535204418,s2-eth2,26664.00,1225414.00,1252078.00,1225414,26664,404.00,423.00,827.00,423,404,0.00,0.00,0,0
1535204418,eth1,0.00,0.00,0.00,0,0,0.00,0.00,0.00,0,0,0.00,0.00,0,0
1535204418,eth0,0.00,0.00,0.00,0,0,0.00,0.00,0.00,0,0,0.00,0.00,0,0
1535204418,total,3756234.00,3756234.00,7512468.00,3756234,3756234,2481.00,2481.00,4962.00,2481,2481,0.00,0.00,0,0
1535204419,s3-eth1,1220938.00,26532.00,1247470.00,26532,1220938,421.00,402.00,823.00,402,421,0.00,0.00,0,0
1535204419,s1-eth2,26598.00,1220938.00,1247536.00,1220938,26598,403.00,421.00,824.00,421,403,0.00,0.00,0,0
1535204419,s2-eth1,1220938.00,26598.00,1247536.00,26598,1220938,421.00,403.00,824.00,403,421,0.00,0.00,0,0
1535204419,lo,0.00,0.00,0.00,0,0,0.00,0.00,0.00,0,0,0.00,0.00,0,0
1535204419,s3-eth2,26598.00,1220938.00,1247536.00,1220938,26598,403.00,421.00,824.00,421,403,0.00,0.00,0,0
1535204419,s1-eth1,1220938.00,26532.00,1247470.00,26532,1220938,421.00,402.00,823.00,402,421,0.00,0.00,0,0
1535204419,s2-eth2,26532.00,1220938.00,1247470.00,1220938,26532,402.00,421.00,823.00,421,402,0.00,0.00,0,0
1535204419,eth1,0.00,0.00,0.00,0,0,0.00,0.00,0.00,0,0,0.00,0.00,0,0
1535204419,eth0,0.00,0.00,0.00,0,0,0.00,0.00,0.00,0,0,0.00,0.00,0,0
1535204419,total,3742542.00,3742476.00,7485018.00,3742476,3742542,2471.00,2470.00,4941.00,2470,2471,0.00,0.00,0,0
1535204420,s3-eth1,1223900.00,26730.00,1250630.00,26730,1223900,422.00,405.00,827.00,405,422,0.00,0.00,0,0
1535204420,s1-eth2,26730.00,1223900.00,1250630.00,1223900,26730,405.00,422.00,827.00,422,405,0.00,0.00,0,0
1535204420,s2-eth1,1223900.00,26730.00,1250630.00,26730,1223900,422.00,405.00,827.00,405,422,0.00,0.00,0,0
1535204420,lo,0.00,0.00,0.00,0,0,0.00,0.00,0.00,0,0,0.00,0.00,0,0
1535204420,s3-eth2,26730.00,1225414.00,1252144.00,1225414,26730,405.00,423.00,828.00,423,405,0.00,0.00,0,0
1535204420,s1-eth1,1223900.00,26730.00,1250630.00,26730,1223900,422.00,405.00,827.00,405,422,0.00,0.00,0,0
1535204420,s2-eth2,26730.00,1223900.00,1250630.00,1223900,26730,405.00,422.00,827.00,422,405,0.00,0.00,0,0
1535204420,eth1,0.00,0.00,0.00,0,0,0.00,0.00,0.00,0,0,0.00,0.00,0,0
1535204420,eth0,0.00,0.00,0.00,0,0,0.00,0.00,0.00,0,0,0.00,0.00,0,0
1535204420,total,3751890.00,3753404.00,7505294.00,3753404,3751890,2481.00,2482.00,4963.00,2482,2481,0.00,0.00,0,0
1535204421,s3-eth1,1225414.00,26664.00,1252078.00,26664,1225414,423.00,404.00,827.00,404,423,0.00,0.00,0,0
1535204421,s1-eth2,26598.00,1225414.00,1252012.00,1225414,26598,403.00,423.00,826.00,423,403,0.00,0.00,0,0
1535204421,s2-eth1,1225414.00,26598.00,1252012.00,26598,1225414,423.00,403.00,826.00,403,423,0.00,0.00,0,0
1535204421,lo,516.00,516.00,1032.00,516,516,9.00,9.00,18.00,9,9,0.00,0.00,0,0
1535204421,s3-eth2,26598.00,1223900.00,1250498.00,1223900,26598,403.00,422.00,825.00,422,403,0.00,0.00,0,0
1535204421,s1-eth1,1222452.00,26664.00,1249116.00,26664,1222452,422.00,404.00,826.00,404,422,0.00,0.00,0,0
1535204421,s2-eth2,26664.00,1225414.00,1252078.00,1225414,26664,404.00,423.00,827.00,423,404,0.00,0.00,0,0
1535204421,eth1,0.00,0.00,0.00,0,0,0.00,0.00,0.00,0,0,0.00,0.00,0,0
1535204421,eth0,0.00,0.00,0.00,0,0,0.00,0.00,0.00,0,0,0.00,0.00,0,0
1535204421,total,3753656.00,3755170.00,7508826.00,3755170,3753656,2487.00,2488.00,4975.00,2488,2487,0.00,0.00,0,0
1535204422,s3-eth1,1223900.00,26730.00,1250630.00,26730,1223900,422.00,405.00,827.00,405,422,0.00,0.00,0,0
1535204422,s1-eth2,26796.00,1223900.00,1250696.00,1223900,26796,406.00,422.00,828.00,422,406,0.00,0.00,0,0
1535204422,s2-eth1,1223900.00,26796.00,1250696.00,26796,1223900,422.00,406.00,828.00,406,422,0.00,0.00,0,0
1535204422,lo,0.00,0.00,0.00,0,0,0.00,0.00,0.00,0,0,0.00,0.00,0,0
1535204422,s3-eth2,26796.00,1223900.00,1250696.00,1223900,26796,406.00,422.00,828.00,422,406,0.00,0.00,0,0
1535204422,s1-eth1,1223900.00,26730.00,1250630.00,26730,1223900,422.00,405.00,827.00,405,422,0.00,0.00,0,0
1535204422,s2-eth2,26730.00,1223900.00,1250630.00,1223900,26730,405.00,422.00,827.00,422,405,0.00,0.00,0,0
1535204422,eth1,0.00,0.00,0.00,0,0,0.00,0.00,0.00,0,0,0.00,0.00,0,0
1535204422,eth0,0.00,0.00,0.00,0,0,0.00,0.00,0.00,0,0,0.00,0.00,0,0
1535204422,total,3752022.00,3751956.00,7503978.00,3751956,3752022,2483.00,2482.00,4965.00,2482,2483,0.00,0.00,0,0
1535204423,s3-eth1,1222452.00,26862.00,1249314.00,26862,1222452,422.00,407.00,829.00,407,422,0.00,0.00,0,0
1535204423,s1-eth2,26796.00,1222452.00,1249248.00,1222452,26796,406.00,422.00,828.00,422,406,0.00,0.00,0,0
1535204423,s2-eth1,1222452.00,26796.00,1249248.00,26796,1222452,422.00,406.00,828.00,406,422,0.00,0.00,0,0
1535204423,lo,0.00,0.00,0.00,0,0,0.00,0.00,0.00,0,0,0.00,0.00,0,0
1535204423,s3-eth2,26796.00,1222452.00,1249248.00,1222452,26796,406.00,422.00,828.00,422,406,0.00,0.00,0,0
1535204423,s1-eth1,1223900.00,26796.00,1250696.00,26796,1223900,422.00,406.00,828.00,406,422,0.00,0.00,0,0
1535204423,s2-eth2,26862.00,1222452.00,1249314.00,1222452,26862,407.00,422.00,829.00,422,407,0.00,0.00,0,0
1535204423,eth1,0.00,0.00,0.00,0,0,0.00,0.00,0.00,0,0,0.00,0.00,0,0
1535204423,eth0,0.00,0.00,0.00,0,0,0.00,0.00,0.00,0,0,0.00,0.00,0,0
1535204423,total,3749258.00,3747810.00,7497068.00,3747810,3749258,2485.00,2485.00,4970.00,2485,2485,0.00,0.00,0,0
1535204424,s3-eth1,1223900.00,26598.00,1250498.00,26598,1223900,422.00,403.00,825.00,403,422,0.00,0.00,0,0
1535204424,s1-eth2,26598.00,1223900.00,1250498.00,1223900,26598,403.00,422.00,825.00,422,403,0.00,0.00,0,0
1535204424,s2-eth1,1223900.00,26598.00,1250498.00,26598,1223900,422.00,403.00,825.00,403,422,0.00,0.00,0,0
1535204424,lo,0.00,0.00,0.00,0,0,0.00,0.00,0.00,0,0,0.00,0.00,0,0
1535204424,s3-eth2,26664.00,1223900.00,1250564.00,1223900,26664,404.00,422.00,826.00,422,404,0.00,0.00,0,0
1535204424,s1-eth1,1222452.00,26664.00,1249116.00,26664,1222452,422.00,404.00,826.00,404,422,0.00,0.00,0,0
1535204424,s2-eth2,26598.00,1223900.00,1250498.00,1223900,26598,403.00,422.00,825.00,422,403,0.00,0.00,0,0
1535204424,eth1,0.00,0.00,0.00,0,0,0.00,0.00,0.00,0,0,0.00,0.00,0,0
1535204424,eth0,0.00,0.00,0.00,0,0,0.00,0.00,0.00,0,0,0.00,0.00,0,0
1535204424,total,3750112.00,3751560.00,7501672.00,3751560,3750112,2476.00,2476.00,4952.00,2476,2476,0.00,0.00,0,0
1535204425,s3-eth1,1224032.00,26664.00,1250696.00,26664,1224032,424.00,404.00,828.00,404,424,0.00,0.00,0,0
1535204425,s1-eth2,26730.00,1225480.00,1252210.00,1225480,26730,405.00,424.00,829.00,424,405,0.00,0.00,0,0
1535204425,s2-eth1,1225480.00,26730.00,1252210.00,26730,1225480,424.00,405.00,829.00,405,424,0.00,0.00,0,0
1535204425,lo,0.00,0.00,0.00,0,0,0.00,0.00,0.00,0,0,0.00,0.00,0,0
1535204425,s3-eth2,26664.00,1224032.00,1250696.00,1224032,26664,404.00,424.00,828.00,424,404,0.00,0.00,0,0
1535204425,s1-eth1,1225480.00,26664.00,1252144.00,26664,1225480,424.00,404.00,828.00,404,424,0.00,0.00,0,0
1535204425,s2-eth2,26664.00,1224032.00,1250696.00,1224032,26664,404.00,424.00,828.00,424,404,0.00,0.00,0,0
1535204425,eth1,0.00,0.00,0.00,0,0,0.00,0.00,0.00,0,0,0.00,0.00,0,0
1535204425,eth0,0.00,0.00,0.00,0,0,0.00,0.00,0.00,0,0,0.00,0.00,0,0
1535204425,total,3755050.00,3753602.00,7508652.00,3753602,3755050,2485.00,2485.00,4970.00,2485,2485,0.00,0.00,0,0
1535204426,s3-eth1,1226668.00,25938.00,1252606.00,25938,1226668,442.00,393.00,835.00,393,442,0.00,0.00,0,0
1535204426,s1-eth2,25872.00,1225220.00,1251092.00,1225220,25872,392.00,442.00,834.00,442,392,0.00,0.00,0,0
1535204426,s2-eth1,1225220.00,25872.00,1251092.00,25872,1225220,442.00,392.00,834.00,392,442,0.00,0.00,0,0
1535204426,lo,516.00,516.00,1032.00,516,516,9.00,9.00,18.00,9,9,0.00,0.00,0,0
1535204426,s3-eth2,25872.00,1226668.00,1252540.00,1226668,25872,392.00,442.00,834.00,442,392,0.00,0.00,0,0
1535204426,s1-eth1,1223706.00,25938.00,1249644.00,25938,1223706,441.00,393.00,834.00,393,441,0.00,0.00,0,0
1535204426,s2-eth2,25938.00,1226668.00,1252606.00,1226668,25938,393.00,442.00,835.00,442,393,0.00,0.00,0,0
1535204426,eth1,0.00,0.00,0.00,0,0,0.00,0.00,0.00,0,0,0.00,0.00,0,0
1535204426,eth0,0.00,0.00,0.00,0,0,0.00,0.00,0.00,0,0,0.00,0.00,0,0
1535204426,total,3753792.00,3756820.00,7510612.00,3756820,3753792,2511.00,2513.00,5024.00,2513,2511,0.00,0.00,0,0
1535204427,s3-eth1,1222452.00,26598.00,1249050.00,26598,1222452,422.00,403.00,825.00,403,422,0.00,0.00,0,0
1535204427,s1-eth2,26664.00,1222452.00,1249116.00,1222452,26664,404.00,422.00,826.00,422,404,0.00,0.00,0,0
1535204427,s2-eth1,1222452.00,26664.00,1249116.00,26664,1222452,422.00,404.00,826.00,404,422,0.00,0.00,0,0
1535204427,lo,0.00,0.00,0.00,0,0,0.00,0.00,0.00,0,0,0.00,0.00,0,0
1535204427,s3-eth2,26664.00,1222452.00,1249116.00,1222452,26664,404.00,422.00,826.00,422,404,0.00,0.00,0,0
1535204427,s1-eth1,1225414.00,26598.00,1252012.00,26598,1225414,423.00,403.00,826.00,403,423,0.00,0.00,0,0
1535204427,s2-eth2,26598.00,1222452.00,1249050.00,1222452,26598,403.00,422.00,825.00,422,403,0.00,0.00,0,0
1535204427,eth1,0.00,0.00,0.00,0,0,0.00,0.00,0.00,0,0,0.00,0.00,0,0
1535204427,eth0,60.00,60.00,120.00,60,60,1.00,1.00,2.00,1,1,0.00,0.00,0,0
1535204427,total,3750304.00,3747276.00,7497580.00,3747276,3750304,2479.00,2477.00,4956.00,2477,2479,0.00,0.00,0,0
1535204428,s3-eth1,1222386.00,26664.00,1249050.00,26664,1222386,421.00,404.00,825.00,404,421,0.00,0.00,0,0
1535204428,s1-eth2,26664.00,1222386.00,1249050.00,1222386,26664,404.00,421.00,825.00,421,404,0.00,0.00,0,0
1535204428,s2-eth1,1222386.00,26664.00,1249050.00,26664,1222386,421.00,404.00,825.00,404,421,0.00,0.00,0,0
1535204428,lo,0.00,0.00,0.00,0,0,0.00,0.00,0.00,0,0,0.00,0.00,0,0
1535204428,s3-eth2,26664.00,1222386.00,1249050.00,1222386,26664,404.00,421.00,825.00,421,404,0.00,0.00,0,0
1535204428,s1-eth1,1223900.00,26664.00,1250564.00,26664,1223900,422.00,404.00,826.00,404,422,0.00,0.00,0,0
1535204428,s2-eth2,26664.00,1222386.00,1249050.00,1222386,26664,404.00,421.00,825.00,421,404,0.00,0.00,0,0
1535204428,eth1,0.00,0.00,0.00,0,0,0.00,0.00,0.00,0,0,0.00,0.00,0,0
1535204428,eth0,0.00,0.00,0.00,0,0,0.00,0.00,0.00,0,0,0.00,0.00,0,0
1535204428,total,3748664.00,3747150.00,7495814.00,3747150,3748664,2476.00,2475.00,4951.00,2475,2476,0.00,0.00,0,0
1535204429,s3-eth1,1225414.00,26664.00,1252078.00,26664,1225414,423.00,404.00,827.00,404,423,0.00,0.00,0,0
1535204429,s1-eth2,26598.00,1225414.00,1252012.00,1225414,26598,403.00,423.00,826.00,423,403,0.00,0.00,0,0
1535204429,s2-eth1,1225414.00,26598.00,1252012.00,26598,1225414,423.00,403.00,826.00,403,423,0.00,0.00,0,0
1535204429,lo,0.00,0.00,0.00,0,0,0.00,0.00,0.00,0,0,0.00,0.00,0,0
1535204429,s3-eth2,26664.00,1225414.00,1252078.00,1225414,26664,404.00,423.00,827.00,423,404,0.00,0.00,0,0
1535204429,s1-eth1,1222452.00,26664.00,1249116.00,26664,1222452,422.00,404.00,826.00,404,422,0.00,0.00,0,0
1535204429,s2-eth2,26664.00,1225414.00,1252078.00,1225414,26664,404.00,423.00,827.00,423,404,0.00,0.00,0,0
1535204429,eth1,0.00,0.00,0.00,0,0,0.00,0.00,0.00,0,0,0.00,0.00,0,0
1535204429,eth0,0.00,0.00,0.00,0,0,0.00,0.00,0.00,0,0,0.00,0.00,0,0
1535204429,total,3753206.00,3756168.00,7509374.00,3756168,3753206,2479.00,2480.00,4959.00,2480,2479,0.00,0.00,0,0
1535204430,s3-eth1,1220938.00,26598.00,1247536.00,26598,1220938,421.00,403.00,824.00,403,421,0.00,0.00,0,0
1535204430,s1-eth2,26664.00,1220938.00,1247602.00,1220938,26664,404.00,421.00,825.00,421,404,0.00,0.00,0,0
1535204430,s2-eth1,1220938.00,26664.00,1247602.00,26664,1220938,421.00,404.00,825.00,404,421,0.00,0.00,0,0
1535204430,lo,0.00,0.00,0.00,0,0,0.00,0.00,0.00,0,0,0.00,0.00,0,0
1535204430,s3-eth2,26598.00,1220938.00,1247536.00,1220938,26598,403.00,421.00,824.00,421,403,0.00,0.00,0,0
1535204430,s1-eth1,1223900.00,26598.00,1250498.00,26598,1223900,422.00,403.00,825.00,403,422,0.00,0.00,0,0
1535204430,s2-eth2,26598.00,1220938.00,1247536.00,1220938,26598,403.00,421.00,824.00,421,403,0.00,0.00,0,0
1535204430,eth1,0.00,0.00,0.00,0,0,0.00,0.00,0.00,0,0,0.00,0.00,0,0
1535204430,eth0,0.00,0.00,0.00,0,0,0.00,0.00,0.00,0,0,0.00,0.00,0,0
1535204430,total,3745636.00,3742674.00,7488310.00,3742674,3745636,2474.00,2473.00,4947.00,2473,2474,0.00,0.00,0,0
1535204431,s3-eth1,1223900.00,26664.00,1250564.00,26664,1223900,422.00,404.00,826.00,404,422,0.00,0.00,0,0
1535204431,s1-eth2,26598.00,1220938.00,1247536.00,1220938,26598,403.00,421.00,824.00,421,403,0.00,0.00,0,0
1535204431,s2-eth1,1220938.00,26598.00,1247536.00,26598,1220938,421.00,403.00,824.00,403,421,0.00,0.00,0,0
1535204431,lo,516.00,516.00,1032.00,516,516,9.00,9.00,18.00,9,9,0.00,0.00,0,0
1535204431,s3-eth2,26598.00,1223900.00,1250498.00,1223900,26598,403.00,422.00,825.00,422,403,0.00,0.00,0,0
1535204431,s1-eth1,1220938.00,26664.00,1247602.00,26664,1220938,421.00,404.00,825.00,404,421,0.00,0.00,0,0
1535204431,s2-eth2,26664.00,1223900.00,1250564.00,1223900,26664,404.00,422.00,826.00,422,404,0.00,0.00,0,0
1535204431,eth1,0.00,0.00,0.00,0,0,0.00,0.00,0.00,0,0,0.00,0.00,0,0
1535204431,eth0,0.00,0.00,0.00,0,0,0.00,0.00,0.00,0,0,0.00,0.00,0,0
1535204431,total,3746152.00,3749180.00,7495332.00,3749180,3746152,2483.00,2485.00,4968.00,2485,2483,0.00,0.00,0,0
1535204432,s3-eth1,1217782.00,25476.00,1243258.00,25476,1217782,439.00,386.00,825.00,386,439,0.00,0.00,0,0
1535204432,s1-eth2,25476.00,1220744.00,1246220.00,1220744,25476,386.00,440.00,826.00,440,386,0.00,0.00,0,0
1535204432,s2-eth1,1220744.00,25476.00,1246220.00,25476,1220744,440.00,386.00,826.00,386,440,0.00,0.00,0,0
1535204432,lo,0.00,0.00,0.00,0,0,0.00,0.00,0.00,0,0,0.00,0.00,0,0
1535204432,s3-eth2,25476.00,1220744.00,1246220.00,1220744,25476,386.00,440.00,826.00,440,386,0.00,0.00,0,0
1535204432,s1-eth1,1219230.00,25476.00,1244706.00,25476,1219230,439.00,386.00,825.00,386,439,0.00,0.00,0,0
1535204432,s2-eth2,25476.00,1217782.00,1243258.00,1217782,25476,386.00,439.00,825.00,439,386,0.00,0.00,0,0
1535204432,eth1,0.00,0.00,0.00,0,0,0.00,0.00,0.00,0,0,0.00,0.00,0,0
1535204432,eth0,0.00,0.00,0.00,0,0,0.00,0.00,0.00,0,0,0.00,0.00,0,0
1535204432,total,3734184.00,3735698.00,7469882.00,3735698,3734184,2476.00,2477.00,4953.00,2477,2476,0.00,0.00,0,0
1535204433,s3-eth1,1220938.00,26598.00,1247536.00,26598,1220938,421.00,403.00,824.00,403,421,0.00,0.00,0,0
1535204433,s1-eth2,26664.00,1220938.00,1247602.00,1220938,26664,404.00,421.00,825.00,421,404,0.00,0.00,0,0
1535204433,s2-eth1,1220938.00,26664.00,1247602.00,26664,1220938,421.00,404.00,825.00,404,421,0.00,0.00,0,0
1535204433,lo,0.00,0.00,0.00,0,0,0.00,0.00,0.00,0,0,0.00,0.00,0,0
1535204433,s3-eth2,26664.00,1220938.00,1247602.00,1220938,26664,404.00,421.00,825.00,421,404,0.00,0.00,0,0
1535204433,s1-eth1,1222452.00,26598.00,1249050.00,26598,1222452,422.00,403.00,825.00,403,422,0.00,0.00,0,0
1535204433,s2-eth2,26598.00,1220938.00,1247536.00,1220938,26598,403.00,421.00,824.00,421,403,0.00,0.00,0,0
1535204433,eth1,0.00,200.00,200.00,200,0,0.00,1.00,1.00,1,0,0.00,0.00,0,0
1535204433,eth0,0.00,0.00,0.00,0,0,0.00,0.00,0.00,0,0,0.00,0.00,0,0
1535204433,total,3744254.00,3742874.00,7487128.00,3742874,3744254,2475.00,2474.00,4949.00,2474,2475,0.00,0.00,0,0
1535204434,s3-eth1,1223900.00,26664.00,1250564.00,26664,1223900,422.00,404.00,826.00,404,422,0.00,0.00,0,0
1535204434,s1-eth2,26664.00,1223900.00,1250564.00,1223900,26664,404.00,422.00,826.00,422,404,0.00,0.00,0,0
1535204434,s2-eth1,1223900.00,26664.00,1250564.00,26664,1223900,422.00,404.00,826.00,404,422,0.00,0.00,0,0
1535204434,lo,0.00,0.00,0.00,0,0,0.00,0.00,0.00,0,0,0.00,0.00,0,0
1535204434,s3-eth2,26664.00,1223900.00,1250564.00,1223900,26664,404.00,422.00,826.00,422,404,0.00,0.00,0,0
1535204434,s1-eth1,1223900.00,26664.00,1250564.00,26664,1223900,422.00,404.00,826.00,404,422,0.00,0.00,0,0
1535204434,s2-eth2,26664.00,1223900.00,1250564.00,1223900,26664,404.00,422.00,826.00,422,404,0.00,0.00,0,0
1535204434,eth1,0.00,0.00,0.00,0,0,0.00,0.00,0.00,0,0,0.00,0.00,0,0
1535204434,eth0,90.00,0.00,90.00,0,90,1.00,0.00,1.00,0,1,0.00,0.00,0,0
1535204434,total,3751782.00,3751692.00,7503474.00,3751692,3751782,2479.00,2478.00,4957.00,2478,2479,0.00,0.00,0,0
1535204435,s3-eth1,1222452.00,26598.00,1249050.00,26598,1222452,422.00,403.00,825.00,403,422,0.00,0.00,0,0
1535204435,s1-eth2,26532.00,1217976.00,1244508.00,1217976,26532,402.00,420.00,822.00,420,402,0.00,0.00,0,0
1535204435,s2-eth1,1217976.00,26532.00,1244508.00,26532,1217976,420.00,402.00,822.00,402,420,0.00,0.00,0,0
1535204435,lo,0.00,0.00,0.00,0,0,0.00,0.00,0.00,0,0,0.00,0.00,0,0
1535204435,s3-eth2,26532.00,1219490.00,1246022.00,1219490,26532,402.00,421.00,823.00,421,402,0.00,0.00,0,0
1535204435,s1-eth1,1217976.00,26598.00,1244574.00,26598,1217976,420.00,403.00,823.00,403,420,0.00,0.00,0,0
1535204435,s2-eth2,26598.00,1222452.00,1249050.00,1222452,26598,403.00,422.00,825.00,422,403,0.00,0.00,0,0
1535204435,eth1,0.00,0.00,0.00,0,0,0.00,0.00,0.00,0,0,0.00,0.00,0,0
1535204435,eth0,0.00,0.00,0.00,0,0,0.00,0.00,0.00,0,0,0.00,0.00,0,0
1535204435,total,3738066.00,3739646.00,7477712.00,3739646,3738066,2469.00,2471.00,4940.00,2471,2469,0.00,0.00,0,0
1535204436,s3-eth1,1223900.00,26598.00,1250498.00,26598,1223900,422.00,403.00,825.00,403,422,0.00,0.00,0,0
1535204436,s1-eth2,26664.00,1222452.00,1249116.00,1222452,26664,404.00,422.00,826.00,422,404,0.00,0.00,0,0
1535204436,s2-eth1,1222452.00,26664.00,1249116.00,26664,1222452,422.00,404.00,826.00,404,422,0.00,0.00,0,0
1535204436,lo,516.00,516.00,1032.00,516,516,9.00,9.00,18.00,9,9,0.00,0.00,0,0
1535204436,s3-eth2,26664.00,1223900.00,1250564.00,1223900,26664,404.00,422.00,826.00,422,404,0.00,0.00,0,0
1535204436,s1-eth1,1222452.00,26598.00,1249050.00,26598,1222452,422.00,403.00,825.00,403,422,0.00,0.00,0,0
1535204436,s2-eth2,26598.00,1223900.00,1250498.00,1223900,26598,403.00,422.00,825.00,422,403,0.00,0.00,0,0
1535204436,eth1,0.00,0.00,0.00,0,0,0.00,0.00,0.00,0,0,0.00,0.00,0,0
1535204436,eth0,90.00,0.00,90.00,0,90,1.00,0.00,1.00,0,1,0.00,0.00,0,0
1535204436,total,3749336.00,3750628.00,7499964.00,3750628,3749336,2487.00,2485.00,4972.00,2485,2487,0.00,0.00,0,0
1535204437,s3-eth1,1223900.00,26598.00,1250498.00,26598,1223900,422.00,403.00,825.00,403,422,0.00,0.00,0,0
1535204437,s1-eth2,26598.00,1223900.00,1250498.00,1223900,26598,403.00,422.00,825.00,422,403,0.00,0.00,0,0
1535204437,s2-eth1,1223900.00,26598.00,1250498.00,26598,1223900,422.00,403.00,825.00,403,422,0.00,0.00,0,0
1535204437,lo,0.00,0.00,0.00,0,0,0.00,0.00,0.00,0,0,0.00,0.00,0,0
1535204437,s3-eth2,26598.00,1223900.00,1250498.00,1223900,26598,403.00,422.00,825.00,422,403,0.00,0.00,0,0
1535204437,s1-eth1,1223900.00,26598.00,1250498.00,26598,1223900,422.00,403.00,825.00,403,422,0.00,0.00,0,0
1535204437,s2-eth2,26598.00,1223900.00,1250498.00,1223900,26598,403.00,422.00,825.00,422,403,0.00,0.00,0,0
1535204437,eth1,0.00,0.00,0.00,0,0,0.00,0.00,0.00,0,0,0.00,0.00,0,0
1535204437,eth0,60.00,60.00,120.00,60,60,1.00,1.00,2.00,1,1,0.00,0.00,0,0
1535204437,total,3751554.00,3751554.00,7503108.00,3751554,3751554,2476.00,2476.00,4952.00,2476,2476,0.00,0.00,0,0
1535204438,s3-eth1,1222452.00,26664.00,1249116.00,26664,1222452,422.00,404.00,826.00,404,422,0.00,0.00,0,0
1535204438,s1-eth2,26664.00,1222452.00,1249116.00,1222452,26664,404.00,422.00,826.00,422,404,0.00,0.00,0,0
1535204438,s2-eth1,1222452.00,26664.00,1249116.00,26664,1222452,422.00,404.00,826.00,404,422,0.00,0.00,0,0
1535204438,lo,0.00,0.00,0.00,0,0,0.00,0.00,0.00,0,0,0.00,0.00,0,0
1535204438,s3-eth2,26664.00,1222452.00,1249116.00,1222452,26664,404.00,422.00,826.00,422,404,0.00,0.00,0,0
1535204438,s1-eth1,1223900.00,26664.00,1250564.00,26664,1223900,422.00,404.00,826.00,404,422,0.00,0.00,0,0
1535204438,s2-eth2,26664.00,1222452.00,1249116.00,1222452,26664,404.00,422.00,826.00,422,404,0.00,0.00,0,0
1535204438,eth1,0.00,0.00,0.00,0,0,0.00,0.00,0.00,0,0,0.00,0.00,0,0
1535204438,eth0,0.00,0.00,0.00,0,0,0.00,0.00,0.00,0,0,0.00,0.00,0,0
1535204438,total,3748796.00,3747348.00,7496144.00,3747348,3748796,2478.00,2478.00,4956.00,2478,2478,0.00,0.00,0,0
1535204439,s3-eth1,1223900.00,26598.00,1250498.00,26598,1223900,422.00,403.00,825.00,403,422,0.00,0.00,0,0
1535204439,s1-eth2,26598.00,1223900.00,1250498.00,1223900,26598,403.00,422.00,825.00,422,403,0.00,0.00,0,0
1535204439,s2-eth1,1223900.00,26598.00,1250498.00,26598,1223900,422.00,403.00,825.00,403,422,0.00,0.00,0,0
1535204439,lo,0.00,0.00,0.00,0,0,0.00,0.00,0.00,0,0,0.00,0.00,0,0
1535204439,s3-eth2,26598.00,1223900.00,1250498.00,1223900,26598,403.00,422.00,825.00,422,403,0.00,0.00,0,0
1535204439,s1-eth1,1222452.00,26598.00,1249050.00,26598,1222452,422.00,403.00,825.00,403,422,0.00,0.00,0,0
1535204439,s2-eth2,26598.00,1223900.00,1250498.00,1223900,26598,403.00,422.00,825.00,422,403,0.00,0.00,0,0
1535204439,eth1,0.00,0.00,0.00,0,0,0.00,0.00,0.00,0,0,0.00,0.00,0,0
1535204439,eth0,0.00,0.00,0.00,0,0,0.00,0.00,0.00,0,0,0.00,0.00,0,0
1535204439,total,3750046.00,3751494.00,7501540.00,3751494,3750046,2475.00,2475.00,4950.00,2475,2475,0.00,0.00,0,0
1535204440,s3-eth1,1223900.00,26664.00,1250564.00,26664,1223900,422.00,404.00,826.00,404,422,0.00,0.00,0,0
1535204440,s1-eth2,26664.00,1223900.00,1250564.00,1223900,26664,404.00,422.00,826.00,422,404,0.00,0.00,0,0
1535204440,s2-eth1,1223900.00,26664.00,1250564.00,26664,1223900,422.00,404.00,826.00,404,422,0.00,0.00,0,0
1535204440,lo,0.00,0.00,0.00,0,0,0.00,0.00,0.00,0,0,0.00,0.00,0,0
1535204440,s3-eth2,26664.00,1223900.00,1250564.00,1223900,26664,404.00,422.00,826.00,422,404,0.00,0.00,0,0
1535204440,s1-eth1,1223900.00,26664.00,1250564.00,26664,1223900,422.00,404.00,826.00,404,422,0.00,0.00,0,0
1535204440,s2-eth2,26664.00,1223900.00,1250564.00,1223900,26664,404.00,422.00,826.00,422,404,0.00,0.00,0,0
1535204440,eth1,0.00,0.00,0.00,0,0,0.00,0.00,0.00,0,0,0.00,0.00,0,0
1535204440,eth0,0.00,0.00,0.00,0,0,0.00,0.00,0.00,0,0,0.00,0.00,0,0
1535204440,total,3751692.00,3751692.00,7503384.00,3751692,3751692,2478.00,2478.00,4956.00,2478,2478,0.00,0.00,0,0
1535204441,s3-eth1,1222452.00,26664.00,1249116.00,26664,1222452,422.00,404.00,826.00,404,422,0.00,0.00,0,0
1535204441,s1-eth2,26664.00,1222452.00,1249116.00,1222452,26664,404.00,422.00,826.00,422,404,0.00,0.00,0,0
1535204441,s2-eth1,1222452.00,26664.00,1249116.00,26664,1222452,422.00,404.00,826.00,404,422,0.00,0.00,0,0
1535204441,lo,516.00,516.00,1032.00,516,516,9.00,9.00,18.00,9,9,0.00,0.00,0,0
1535204441,s3-eth2,26664.00,1222452.00,1249116.00,1222452,26664,404.00,422.00,826.00,422,404,0.00,0.00,0,0
1535204441,s1-eth1,1222452.00,26664.00,1249116.00,26664,1222452,422.00,404.00,826.00,404,422,0.00,0.00,0,0
1535204441,s2-eth2,26664.00,1222452.00,1249116.00,1222452,26664,404.00,422.00,826.00,422,404,0.00,0.00,0,0
1535204441,eth1,0.00,0.00,0.00,0,0,0.00,0.00,0.00,0,0,0.00,0.00,0,0
1535204441,eth0,60.00,60.00,120.00,60,60,1.00,1.00,2.00,1,1,0.00,0.00,0,0
1535204441,total,3747924.00,3747924.00,7495848.00,3747924,3747924,2488.00,2488.00,4976.00,2488,2488,0.00,0.00,0,0
1535204442,s3-eth1,1223900.00,26664.00,1250564.00,26664,1223900,422.00,404.00,826.00,404,422,0.00,0.00,0,0
1535204442,s1-eth2,26598.00,1223900.00,1250498.00,1223900,26598,403.00,422.00,825.00,422,403,0.00,0.00,0,0
1535204442,s2-eth1,1223900.00,26598.00,1250498.00,26598,1223900,422.00,403.00,825.00,403,422,0.00,0.00,0,0
1535204442,lo,0.00,0.00,0.00,0,0,0.00,0.00,0.00,0,0,0.00,0.00,0,0
1535204442,s3-eth2,26598.00,1223900.00,1250498.00,1223900,26598,403.00,422.00,825.00,422,403,0.00,0.00,0,0
1535204442,s1-eth1,1223900.00,26664.00,1250564.00,26664,1223900,422.00,404.00,826.00,404,422,0.00,0.00,0,0
1535204442,s2-eth2,26664.00,1223900.00,1250564.00,1223900,26664,404.00,422.00,826.00,422,404,0.00,0.00,0,0
1535204442,eth1,0.00,0.00,0.00,0,0,0.00,0.00,0.00,0,0,0.00,0.00,0,0
1535204442,eth0,0.00,0.00,0.00,0,0,0.00,0.00,0.00,0,0,0.00,0.00,0,0
1535204442,total,3740339.00,3740404.75,7480744.00,3751626,3751560,2468.59,2469.59,4938.19,2477,2476,0.00,0.00,0,0
1535204443,s3-eth1,1226714.62,26479.04,1253193.62,26532,1229168,435.13,401.20,836.33,402,436,0.00,0.00,0,0
1535204443,s1-eth2,26479.04,1225137.75,1251616.75,1227588,26532,401.20,433.13,834.33,434,402,0.00,0.00,0,0
1535204443,s2-eth1,1225137.75,26479.04,1251616.75,26532,1227588,433.13,401.20,834.33,402,434,0.00,0.00,0,0
1535204443,lo,0.00,0.00,0.00,0,0,0.00,0.00,0.00,0,0,0.00,0.00,0,0
1535204443,s3-eth2,26479.04,1225269.50,1251748.50,1227720,26532,401.20,435.13,836.33,436,402,0.00,0.00,0,0
1535204443,s1-eth1,1225137.75,26413.17,1251550.88,26466,1227588,433.13,400.20,833.33,401,434,0.00,0.00,0,0
1535204443,s2-eth2,26479.04,1226714.62,1253193.62,1229168,26532,401.20,435.13,836.33,436,402,0.00,0.00,0,0
1535204443,eth1,0.00,0.00,0.00,0,0,0.00,0.00,0.00,0,0,0.00,0.00,0,0
1535204443,eth0,0.00,0.00,0.00,0,0,0.00,0.00,0.00,0,0,0.00,0.00,0,0
1535204443,total,3763940.00,3764006.00,7527946.00,3764006,3763940,2510.00,2511.00,5021.00,2511,2510,0.00,0.00,0,0
1535204444,s3-eth1,1224560.00,26070.00,1250630.00,26070,1224560,432.00,395.00,827.00,395,432,0.00,0.00,0,0
1535204444,s1-eth2,26070.00,1226140.00,1252210.00,1226140,26070,395.00,434.00,829.00,434,395,0.00,0.00,0,0
1535204444,s2-eth1,1226140.00,26070.00,1252210.00,26070,1226140,434.00,395.00,829.00,395,434,0.00,0.00,0,0
1535204444,lo,0.00,0.00,0.00,0,0,0.00,0.00,0.00,0,0,0.00,0.00,0,0
1535204444,s3-eth2,26070.00,1226008.00,1252078.00,1226008,26070,395.00,432.00,827.00,432,395,0.00,0.00,0,0
1535204444,s1-eth1,1226140.00,26136.00,1252276.00,26136,1226140,434.00,396.00,830.00,396,434,0.00,0.00,0,0
1535204444,s2-eth2,26070.00,1224560.00,1250630.00,1224560,26070,395.00,432.00,827.00,432,395,0.00,0.00,0,0
1535204444,eth1,0.00,0.00,0.00,0,0,0.00,0.00,0.00,0,0,0.00,0.00,0,0
1535204444,eth0,0.00,0.00,0.00,0,0,0.00,0.00,0.00,0,0,0.00,0.00,0,0
1535204444,total,3755050.00,3754984.00,7510034.00,3754984,3755050,2485.00,2484.00,4969.00,2484,2485,0.00,0.00,0,0
1535204445,s3-eth1,1223900.00,26664.00,1250564.00,26664,1223900,422.00,404.00,826.00,404,422,0.00,0.00,0,0
1535204445,s1-eth2,26730.00,1223900.00,1250630.00,1223900,26730,405.00,422.00,827.00,422,405,0.00,0.00,0,0
1535204445,s2-eth1,1223900.00,26730.00,1250630.00,26730,1223900,422.00,405.00,827.00,405,422,0.00,0.00,0,0
1535204445,lo,0.00,0.00,0.00,0,0,0.00,0.00,0.00,0,0,0.00,0.00,0,0
1535204445,s3-eth2,26730.00,1223900.00,1250630.00,1223900,26730,405.00,422.00,827.00,422,405,0.00,0.00,0,0
1535204445,s1-eth1,1223900.00,26664.00,1250564.00,26664,1223900,422.00,404.00,826.00,404,422,0.00,0.00,0,0
1535204445,s2-eth2,26664.00,1223900.00,1250564.00,1223900,26664,404.00,422.00,826.00,422,404,0.00,0.00,0,0
1535204445,eth1,0.00,0.00,0.00,0,0,0.00,0.00,0.00,0,0,0.00,0.00,0,0
1535204445,eth0,0.00,0.00,0.00,0,0,0.00,0.00,0.00,0,0,0.00,0.00,0,0
1535204445,total,3751824.00,3751758.00,7503582.00,3751758,3751824,2480.00,2479.00,4959.00,2479,2480,0.00,0.00,0,0
1535204446,s3-eth1,1222452.00,26664.00,1249116.00,26664,1222452,422.00,404.00,826.00,404,422,0.00,0.00,0,0
1535204446,s1-eth2,26664.00,1223900.00,1250564.00,1223900,26664,404.00,422.00,826.00,422,404,0.00,0.00,0,0
1535204446,s2-eth1,1223900.00,26664.00,1250564.00,26664,1223900,422.00,404.00,826.00,404,422,0.00,0.00,0,0
1535204446,lo,516.00,516.00,1032.00,516,516,9.00,9.00,18.00,9,9,0.00,0.00,0,0
1535204446,s3-eth2,26664.00,1222452.00,1249116.00,1222452,26664,404.00,422.00,826.00,422,404,0.00,0.00,0,0
1535204446,s1-eth1,1223900.00,26664.00,1250564.00,26664,1223900,422.00,404.00,826.00,404,422,0.00,0.00,0,0
1535204446,s2-eth2,26664.00,1222452.00,1249116.00,1222452,26664,404.00,422.00,826.00,422,404,0.00,0.00,0,0
1535204446,eth1,0.00,0.00,0.00,0,0,0.00,0.00,0.00,0,0,0.00,0.00,0,0
1535204446,eth0,0.00,0.00,0.00,0,0,0.00,0.00,0.00,0,0,0.00,0.00,0,0
1535204446,total,3750760.00,3749312.00,7500072.00,3749312,3750760,2487.00,2487.00,4974.00,2487,2487,0.00,0.00,0,0
1535204447,s3-eth1,1223900.00,26598.00,1250498.00,26598,1223900,422.00,403.00,825.00,403,422,0.00,0.00,0,0
1535204447,s1-eth2,26544.91,1220012.00,1246556.88,1222452,26598,402.20,421.16,823.35,422,403,0.00,0.00,0,0
1535204447,s2-eth1,1220012.00,26544.91,1246556.88,26598,1222452,421.16,402.20,823.35,403,422,0.00,0.00,0,0
1535204447,lo,0.00,0.00,0.00,0,0,0.00,0.00,0.00,0,0,0.00,0.00,0,0
1535204447,s3-eth2,26544.91,1221457.12,1248002.00,1223900,26598,402.20,421.16,823.35,422,403,0.00,0.00,0,0
1535204447,s1-eth1,1220012.00,26544.91,1246556.88,26598,1222452,421.16,402.20,823.35,403,422,0.00,0.00,0,0
1535204447,s2-eth2,26610.78,1224413.25,1251024.00,1226862,26664,403.19,422.16,825.35,423,404,0.00,0.00,0,0
1535204447,eth1,0.00,0.00,0.00,0,0,0.00,0.00,0.00,0,0,0.00,0.00,0,0
1535204447,eth0,59.88,59.88,119.76,60,60,1.00,1.00,2.00,1,1,0.00,0.00,0,0
1535204447,total,3741241.50,3745577.00,7486818.50,3753068,3748724,2472.06,2472.06,4944.11,2477,2477,0.00,0.00,0,0
1535204448,s3-eth1,1224413.25,26676.65,1251089.88,26730,1226862,422.16,404.19,826.35,405,423,0.00,0.00,0,0
1535204448,s1-eth2,26730.00,1226862.00,1253592.00,1226862,26730,405.00,423.00,828.00,423,405,0.00,0.00,0,0
1535204448,s2-eth1,1226862.00,26730.00,1253592.00,26730,1226862,423.00,405.00,828.00,405,423,0.00,0.00,0,0
1535204448,lo,0.00,0.00,0.00,0,0,0.00,0.00,0.00,0,0,0.00,0.00,0,0
1535204448,s3-eth2,26730.00,1226862.00,1253592.00,1226862,26730,405.00,423.00,828.00,423,405,0.00,0.00,0,0
1535204448,s1-eth1,1226862.00,26730.00,1253592.00,26730,1226862,423.00,405.00,828.00,405,423,0.00,0.00,0,0
1535204448,s2-eth2,26664.00,1223900.00,1250564.00,1223900,26664,404.00,422.00,826.00,422,404,0.00,0.00,0,0
1535204448,eth1,0.00,0.00,0.00,0,0,0.00,0.00,0.00,0,0,0.00,0.00,0,0
1535204448,eth0,0.00,0.00,0.00,0,0,0.00,0.00,0.00,0,0,0.00,0.00,0,0
1535204448,total,3760710.00,3757814.00,7518524.00,3757814,3760710,2483.00,2483.00,4966.00,2483,2483,0.00,0.00,0,0
1535204449,s3-eth1,1222518.00,26598.00,1249116.00,26598,1222518,423.00,403.00,826.00,403,423,0.00,0.00,0,0
1535204449,s1-eth2,26598.00,1220938.00,1247536.00,1220938,26598,403.00,421.00,824.00,421,403,0.00,0.00,0,0
1535204449,s2-eth1,1220938.00,26598.00,1247536.00,26598,1220938,421.00,403.00,824.00,403,421,0.00,0.00,0,0
1535204449,lo,0.00,0.00,0.00,0,0,0.00,0.00,0.00,0,0,0.00,0.00,0,0
1535204449,s3-eth2,26598.00,1221070.00,1247668.00,1221070,26598,403.00,423.00,826.00,423,403,0.00,0.00,0,0
1535204449,s1-eth1,1220938.00,26598.00,1247536.00,26598,1220938,421.00,403.00,824.00,403,421,0.00,0.00,0,0
1535204449,s2-eth2,26598.00,1222518.00,1249116.00,1222518,26598,403.00,423.00,826.00,423,403,0.00,0.00,0,0
1535204449,eth1,0.00,0.00,0.00,0,0,0.00,0.00,0.00,0,0,0.00,0.00,0,0
1535204449,eth0,0.00,0.00,0.00,0,0,0.00,0.00,0.00,0,0,0.00,0.00,0,0
1535204449,total,3744188.00,3744320.00,7488508.00,3744320,3744188,2474.00,2476.00,4950.00,2476,2474,0.00,0.00,0,0
1535204450,s3-eth1,1225418.00,25806.00,1251224.00,25806,1225418,445.00,391.00,836.00,391,445,0.00,0.00,0,0
1535204450,s1-eth2,25806.00,1226998.00,1252804.00,1226998,25806,391.00,447.00,838.00,447,391,0.00,0.00,0,0
1535204450,s2-eth1,1226998.00,25806.00,1252804.00,25806,1226998,447.00,391.00,838.00,391,447,0.00,0.00,0,0
1535204450,lo,0.00,0.00,0.00,0,0,0.00,0.00,0.00,0,0,0.00,0.00,0,0
1535204450,s3-eth2,25806.00,1226866.00,1252672.00,1226866,25806,391.00,445.00,836.00,445,391,0.00,0.00,0,0
1535204450,s1-eth1,1226998.00,25806.00,1252804.00,25806,1226998,447.00,391.00,838.00,391,447,0.00,0.00,0,0
1535204450,s2-eth2,25806.00,1225418.00,1251224.00,1225418,25806,391.00,445.00,836.00,445,391,0.00,0.00,0,0
1535204450,eth1,0.00,0.00,0.00,0,0,0.00,0.00,0.00,0,0,0.00,0.00,0,0
1535204450,eth0,0.00,0.00,0.00,0,0,0.00,0.00,0.00,0,0,0.00,0.00,0,0
1535204450,total,3756832.00,3756700.00,7513532.00,3756700,3756832,2512.00,2510.00,5022.00,2510,2512,0.00,0.00,0,0
1535204451,s3-eth1,1220938.00,26664.00,1247602.00,26664,1220938,421.00,404.00,825.00,404,421,0.00,0.00,0,0
1535204451,s1-eth2,26598.00,1220938.00,1247536.00,1220938,26598,403.00,421.00,824.00,421,403,0.00,0.00,0,0
1535204451,s2-eth1,1220938.00,26598.00,1247536.00,26598,1220938,421.00,403.00,824.00,403,421,0.00,0.00,0,0
1535204451,lo,516.00,516.00,1032.00,516,516,9.00,9.00,18.00,9,9,0.00,0.00,0,0
1535204451,s3-eth2,26598.00,1223900.00,1250498.00,1223900,26598,403.00,422.00,825.00,422,403,0.00,0.00,0,0
1535204451,s1-eth1,1220938.00,26664.00,1247602.00,26664,1220938,421.00,404.00,825.00,404,421,0.00,0.00,0,0
1535204451,s2-eth2,26664.00,1220938.00,1247602.00,1220938,26664,404.00,421.00,825.00,421,404,0.00,0.00,0,0
1535204451,eth1,0.00,0.00,0.00,0,0,0.00,0.00,0.00,0,0,0.00,0.00,0,0
1535204451,eth0,0.00,0.00,0.00,0,0,0.00,0.00,0.00,0,0,0.00,0.00,0,0
1535204451,total,3743190.00,3746218.00,7489408.00,3746218,3743190,2482.00,2484.00,4966.00,2484,2482,0.00,0.00,0,0
1535204452,s3-eth1,1219490.00,26598.00,1246088.00,26598,1219490,421.00,403.00,824.00,403,421,0.00,0.00,0,0
1535204452,s1-eth2,26598.00,1220938.00,1247536.00,1220938,26598,403.00,421.00,824.00,421,403,0.00,0.00,0,0
1535204452,s2-eth1,1220938.00,26598.00,1247536.00,26598,1220938,421.00,403.00,824.00,403,421,0.00,0.00,0,0
1535204452,lo,0.00,0.00,0.00,0,0,0.00,0.00,0.00,0,0,0.00,0.00,0,0
1535204452,s3-eth2,26598.00,1219490.00,1246088.00,1219490,26598,403.00,421.00,824.00,421,403,0.00,0.00,0,0
1535204452,s1-eth1,1220938.00,26598.00,1247536.00,26598,1220938,421.00,403.00,824.00,403,421,0.00,0.00,0,0
1535204452,s2-eth2,26598.00,1219490.00,1246088.00,1219490,26598,403.00,421.00,824.00,421,403,0.00,0.00,0,0
1535204452,eth1,0.00,0.00,0.00,0,0,0.00,0.00,0.00,0,0,0.00,0.00,0,0
1535204452,eth0,0.00,0.00,0.00,0,0,0.00,0.00,0.00,0,0,0.00,0.00,0,0
1535204452,total,3741160.00,3739712.00,7480872.00,3739712,3741160,2472.00,2472.00,4944.00,2472,2472,0.00,0.00,0,0
1535204453,s3-eth1,1220938.00,26532.00,1247470.00,26532,1220938,421.00,402.00,823.00,402,421,0.00,0.00,0,0
1535204453,s1-eth2,26598.00,1222452.00,1249050.00,1222452,26598,403.00,422.00,825.00,422,403,0.00,0.00,0,0
1535204453,s2-eth1,1222452.00,26598.00,1249050.00,26598,1222452,422.00,403.00,825.00,403,422,0.00,0.00,0,0
1535204453,lo,0.00,0.00,0.00,0,0,0.00,0.00,0.00,0,0,0.00,0.00,0,0
1535204453,s3-eth2,26598.00,1220938.00,1247536.00,1220938,26598,403.00,421.00,824.00,421,403,0.00,0.00,0,0
1535204453,s1-eth1,1222452.00,26532.00,1248984.00,26532,1222452,422.00,402.00,824.00,402,422,0.00,0.00,0,0
1535204453,s2-eth2,26532.00,1220938.00,1247470.00,1220938,26532,402.00,421.00,823.00,421,402,0.00,0.00,0,0
1535204453,eth1,0.00,0.00,0.00,0,0,0.00,0.00,0.00,0,0,0.00,0.00,0,0
1535204453,eth0,238.00,268.00,506.00,268,238,3.00,2.00,5.00,2,3,0.00,0.00,0,0
1535204453,total,3745808.00,3744258.00,7490066.00,3744258,3745808,2476.00,2473.00,4949.00,2473,2476,0.00,0.00,0,0
1535204454,s3-eth1,1220938.00,26664.00,1247602.00,26664,1220938,421.00,404.00,825.00,404,421,0.00,0.00,0,0
1535204454,s1-eth2,26598.00,1220938.00,1247536.00,1220938,26598,403.00,421.00,824.00,421,403,0.00,0.00,0,0
1535204454,s2-eth1,1220938.00,26598.00,1247536.00,26598,1220938,421.00,403.00,824.00,403,421,0.00,0.00,0,0
1535204454,lo,0.00,0.00,0.00,0,0,0.00,0.00,0.00,0,0,0.00,0.00,0,0
1535204454,s3-eth2,26598.00,1220938.00,1247536.00,1220938,26598,403.00,421.00,824.00,421,403,0.00,0.00,0,0
1535204454,s1-eth1,1220938.00,26664.00,1247602.00,26664,1220938,421.00,404.00,825.00,404,421,0.00,0.00,0,0
1535204454,s2-eth2,26664.00,1220938.00,1247602.00,1220938,26664,404.00,421.00,825.00,421,404,0.00,0.00,0,0
1535204454,eth1,0.00,0.00,0.00,0,0,0.00,0.00,0.00,0,0,0.00,0.00,0,0
1535204454,eth0,0.00,0.00,0.00,0,0,0.00,0.00,0.00,0,0,0.00,0.00,0,0
1535204454,total,3742674.00,3742740.00,7485414.00,3742740,3742674,2473.00,2474.00,4947.00,2474,2473,0.00,0.00,0,0
1535204455,s3-eth1,1225414.00,26664.00,1252078.00,26664,1225414,423.00,404.00,827.00,404,423,0.00,0.00,0,0
1535204455,s1-eth2,26664.00,1223900.00,1250564.00,1223900,26664,404.00,422.00,826.00,422,404,0.00,0.00,0,0
1535204455,s2-eth1,1223900.00,26664.00,1250564.00,26664,1223900,422.00,404.00,826.00,404,422,0.00,0.00,0,0
1535204455,lo,0.00,0.00,0.00,0,0,0.00,0.00,0.00,0,0,0.00,0.00,0,0
1535204455,s3-eth2,26730.00,1225414.00,1252144.00,1225414,26730,405.00,423.00,828.00,423,405,0.00,0.00,0,0
1535204455,s1-eth1,1223900.00,26664.00,1250564.00,26664,1223900,422.00,404.00,826.00,404,422,0.00,0.00,0,0
1535204455,s2-eth2,26664.00,1225414.00,1252078.00,1225414,26664,404.00,423.00,827.00,423,404,0.00,0.00,0,0
1535204455,eth1,0.00,0.00,0.00,0,0,0.00,0.00,0.00,0,0,0.00,0.00,0,0
1535204455,eth0,0.00,0.00,0.00,0,0,0.00,0.00,0.00,0,0,0.00,0.00,0,0
1535204455,total,3753272.00,3754720.00,7507992.00,3754720,3753272,2480.00,2480.00,4960.00,2480,2480,0.00,0.00,0,0
1535204456,s3-eth1,1223900.00,26598.00,1250498.00,26598,1223900,422.00,403.00,825.00,403,422,0.00,0.00,0,0
1535204456,s1-eth2,26664.00,1225414.00,1252078.00,1225414,26664,404.00,423.00,827.00,423,404,0.00,0.00,0,0
1535204456,s2-eth1,1225414.00,26664.00,1252078.00,26664,1225414,423.00,404.00,827.00,404,423,0.00,0.00,0,0
1535204456,lo,516.00,516.00,1032.00,516,516,9.00,9.00,18.00,9,9,0.00,0.00,0,0
1535204456,s3-eth2,26598.00,1223900.00,1250498.00,1223900,26598,403.00,422.00,825.00,422,403,0.00,0.00,0,0
1535204456,s1-eth1,1225414.00,26598.00,1252012.00,26598,1225414,423.00,403.00,826.00,403,423,0.00,0.00,0,0
1535204456,s2-eth2,26598.00,1223900.00,1250498.00,1223900,26598,403.00,422.00,825.00,422,403,0.00,0.00,0,0
1535204456,eth1,0.00,0.00,0.00,0,0,0.00,0.00,0.00,0,0,0.00,0.00,0,0
1535204456,eth0,0.00,0.00,0.00,0,0,0.00,0.00,0.00,0,0,0.00,0.00,0,0
1535204456,total,3755104.00,3753590.00,7508694.00,3753590,3755104,2487.00,2486.00,4973.00,2486,2487,0.00,0.00,0,0
1535204457,s3-eth1,1209090.00,26400.00,1235490.00,26400,1209090,417.00,400.00,817.00,400,417,0.00,0.00,0,0
1535204457,s1-eth2,26334.00,1209090.00,1235424.00,1209090,26334,399.00,417.00,816.00,417,399,0.00,0.00,0,0
1535204457,s2-eth1,1209090.00,26334.00,1235424.00,26334,1209090,417.00,399.00,816.00,399,417,0.00,0.00,0,0
1535204457,lo,0.00,0.00,0.00,0,0,0.00,0.00,0.00,0,0,0.00,0.00,0,0
1535204457,s3-eth2,26334.00,1209090.00,1235424.00,1209090,26334,399.00,417.00,816.00,417,399,0.00,0.00,0,0
1535204457,s1-eth1,1209090.00,26400.00,1235490.00,26400,1209090,417.00,400.00,817.00,400,417,0.00,0.00,0,0
1535204457,s2-eth2,26400.00,1209090.00,1235490.00,1209090,26400,400.00,417.00,817.00,417,400,0.00,0.00,0,0
1535204457,eth1,0.00,0.00,0.00,0,0,0.00,0.00,0.00,0,0,0.00,0.00,0,0
1535204457,eth0,60.00,60.00,120.00,60,60,1.00,1.00,2.00,1,1,0.00,0.00,0,0
1535204457,total,3706398.00,3706464.00,7412862.00,3706464,3706398,2450.00,2451.00,4901.00,2451,2450,0.00,0.00,0,0
1535204458,s3-eth1,1223900.00,26598.00,1250498.00,26598,1223900,422.00,403.00,825.00,403,422,0.00,0.00,0,0
1535204458,s1-eth2,26664.00,1223900.00,1250564.00,1223900,26664,404.00,422.00,826.00,422,404,0.00,0.00,0,0
1535204458,s2-eth1,1223900.00,26664.00,1250564.00,26664,1223900,422.00,404.00,826.00,404,422,0.00,0.00,0,0
1535204458,lo,0.00,0.00,0.00,0,0,0.00,0.00,0.00,0,0,0.00,0.00,0,0
1535204458,s3-eth2,26664.00,1223900.00,1250564.00,1223900,26664,404.00,422.00,826.00,422,404,0.00,0.00,0,0
1535204458,s1-eth1,1223900.00,26598.00,1250498.00,26598,1223900,422.00,403.00,825.00,403,422,0.00,0.00,0,0
1535204458,s2-eth2,26598.00,1223900.00,1250498.00,1223900,26598,403.00,422.00,825.00,422,403,0.00,0.00,0,0
1535204458,eth1,0.00,0.00,0.00,0,0,0.00,0.00,0.00,0,0,0.00,0.00,0,0
1535204458,eth0,0.00,0.00,0.00,0,0,0.00,0.00,0.00,0,0,0.00,0.00,0,0
1535204458,total,3751626.00,3751560.00,7503186.00,3751560,3751626,2477.00,2476.00,4953.00,2476,2477,0.00,0.00,0,0
1535204459,s3-eth1,1222452.00,26664.00,1249116.00,26664,1222452,422.00,404.00,826.00,404,422,0.00,0.00,0,0
1535204459,s1-eth2,26598.00,1225414.00,1252012.00,1225414,26598,403.00,423.00,826.00,423,403,0.00,0.00,0,0
1535204459,s2-eth1,1225414.00,26598.00,1252012.00,26598,1225414,423.00,403.00,826.00,403,423,0.00,0.00,0,0
1535204459,lo,0.00,0.00,0.00,0,0,0.00,0.00,0.00,0,0,0.00,0.00,0,0
1535204459,s3-eth2,26598.00,1222452.00,1249050.00,1222452,26598,403.00,422.00,825.00,422,403,0.00,0.00,0,0
1535204459,s1-eth1,1222452.00,26664.00,1249116.00,26664,1222452,422.00,404.00,826.00,404,422,0.00,0.00,0,0
1535204459,s2-eth2,26664.00,1222452.00,1249116.00,1222452,26664,404.00,422.00,826.00,422,404,0.00,0.00,0,0
1535204459,eth1,0.00,0.00,0.00,0,0,0.00,0.00,0.00,0,0,0.00,0.00,0,0
1535204459,eth0,0.00,0.00,0.00,0,0,0.00,0.00,0.00,0,0,0.00,0.00,0,0
1535204459,total,3750178.00,3750244.00,7500422.00,3750244,3750178,2477.00,2478.00,4955.00,2478,2477,0.00,0.00,0,0
1535204460,s3-eth1,1223900.00,26664.00,1250564.00,26664,1223900,422.00,404.00,826.00,404,422,0.00,0.00,0,0
1535204460,s1-eth2,26664.00,1220938.00,1247602.00,1220938,26664,404.00,421.00,825.00,421,404,0.00,0.00,0,0
1535204460,s2-eth1,1220938.00,26664.00,1247602.00,26664,1220938,421.00,404.00,825.00,404,421,0.00,0.00,0,0
1535204460,lo,0.00,0.00,0.00,0,0,0.00,0.00,0.00,0,0,0.00,0.00,0,0
1535204460,s3-eth2,26664.00,1220938.00,1247602.00,1220938,26664,404.00,421.00,825.00,421,404,0.00,0.00,0,0
1535204460,s1-eth1,1223900.00,26598.00,1250498.00,26598,1223900,422.00,403.00,825.00,403,422,0.00,0.00,0,0
1535204460,s2-eth2,26664.00,1223900.00,1250564.00,1223900,26664,404.00,422.00,826.00,422,404,0.00,0.00,0,0
1535204460,eth1,0.00,0.00,0.00,0,0,0.00,0.00,0.00,0,0,0.00,0.00,0,0
1535204460,eth0,0.00,0.00,0.00,0,0,0.00,0.00,0.00,0,0,0.00,0.00,0,0
1535204460,total,3748730.00,3745702.00,7494432.00,3745702,3748730,2477.00,2475.00,4952.00,2475,2477,0.00,0.00,0,0
1535204461,s3-eth1,1221928.00,25806.00,1247734.00,25806,1221928,436.00,391.00,827.00,391,436,0.00,0.00,0,0
1535204461,s1-eth2,25806.00,1221928.00,1247734.00,1221928,25806,391.00,436.00,827.00,436,391,0.00,0.00,0,0
1535204461,s2-eth1,1221928.00,25806.00,1247734.00,25806,1221928,436.00,391.00,827.00,391,436,0.00,0.00,0,0
1535204461,lo,516.00,516.00,1032.00,516,516,9.00,9.00,18.00,9,9,0.00,0.00,0,0
1535204461,s3-eth2,25806.00,1221928.00,1247734.00,1221928,25806,391.00,436.00,827.00,436,391,0.00,0.00,0,0
1535204461,s1-eth1,1218966.00,25872.00,1244838.00,25872,1218966,435.00,392.00,827.00,392,435,0.00,0.00,0,0
1535204461,s2-eth2,25806.00,1221928.00,1247734.00,1221928,25806,391.00,436.00,827.00,436,391,0.00,0.00,0,0
1535204461,eth1,0.00,0.00,0.00,0,0,0.00,0.00,0.00,0,0,0.00,0.00,0,0
1535204461,eth0,0.00,0.00,0.00,0,0,0.00,0.00,0.00,0,0,0.00,0.00,0,0
1535204461,total,3740756.00,3743784.00,7484540.00,3743784,3740756,2489.00,2491.00,4980.00,2491,2489,0.00,0.00,0,0
1535204462,s3-eth1,1219490.00,26598.00,1246088.00,26598,1219490,421.00,403.00,824.00,403,421,0.00,0.00,0,0
1535204462,s1-eth2,26598.00,1219490.00,1246088.00,1219490,26598,403.00,421.00,824.00,421,403,0.00,0.00,0,0
1535204462,s2-eth1,1219490.00,26598.00,1246088.00,26598,1219490,421.00,403.00,824.00,403,421,0.00,0.00,0,0
1535204462,lo,0.00,0.00,0.00,0,0,0.00,0.00,0.00,0,0,0.00,0.00,0,0
1535204462,s3-eth2,26598.00,1222452.00,1249050.00,1222452,26598,403.00,422.00,825.00,422,403,0.00,0.00,0,0
1535204462,s1-eth1,1222452.00,26532.00,1248984.00,26532,1222452,422.00,402.00,824.00,402,422,0.00,0.00,0,0
1535204462,s2-eth2,26598.00,1219490.00,1246088.00,1219490,26598,403.00,421.00,824.00,421,403,0.00,0.00,0,0
1535204462,eth1,0.00,0.00,0.00,0,0,0.00,0.00,0.00,0,0,0.00,0.00,0,0
1535204462,eth0,0.00,0.00,0.00,0,0,0.00,0.00,0.00,0,0,0.00,0.00,0,0
1535204462,total,3741226.00,3741160.00,7482386.00,3741160,3741226,2473.00,2472.00,4945.00,2472,2473,0.00,0.00,0,0
1535204463,s3-eth1,1223900.00,26598.00,1250498.00,26598,1223900,422.00,403.00,825.00,403,422,0.00,0.00,0,0
1535204463,s1-eth2,26664.00,1223900.00,1250564.00,1223900,26664,404.00,422.00,826.00,422,404,0.00,0.00,0,0
1535204463,s2-eth1,1223900.00,26664.00,1250564.00,26664,1223900,422.00,404.00,826.00,404,422,0.00,0.00,0,0
1535204463,lo,0.00,0.00,0.00,0,0,0.00,0.00,0.00,0,0,0.00,0.00,0,0
1535204463,s3-eth2,26664.00,1223900.00,1250564.00,1223900,26664,404.00,422.00,826.00,422,404,0.00,0.00,0,0
1535204463,s1-eth1,1223900.00,26664.00,1250564.00,26664,1223900,422.00,404.00,826.00,404,422,0.00,0.00,0,0
1535204463,s2-eth2,26598.00,1223900.00,1250498.00,1223900,26598,403.00,422.00,825.00,422,403,0.00,0.00,0,0
1535204463,eth1,0.00,200.00,200.00,200,0,0.00,1.00,1.00,1,0,0.00,0.00,0,0
1535204463,eth0,90.00,0.00,90.00,0,90,1.00,0.00,1.00,0,1,0.00,0.00,0,0
1535204463,total,3751716.00,3751826.00,7503542.00,3751826,3751716,2478.00,2478.00,4956.00,2478,2478,0.00,0.00,0,0
1535204464,s3-eth1,1217976.00,26598.00,1244574.00,26598,1217976,420.00,403.00,823.00,403,420,0.00,0.00,0,0
1535204464,s1-eth2,26532.00,1217976.00,1244508.00,1217976,26532,402.00,420.00,822.00,420,402,0.00,0.00,0,0
1535204464,s2-eth1,1217976.00,26532.00,1244508.00,26532,1217976,420.00,402.00,822.00,402,420,0.00,0.00,0,0
1535204464,lo,0.00,0.00,0.00,0,0,0.00,0.00,0.00,0,0,0.00,0.00,0,0
1535204464,s3-eth2,26532.00,1217976.00,1244508.00,1217976,26532,402.00,420.00,822.00,420,402,0.00,0.00,0,0
1535204464,s1-eth1,1217976.00,26598.00,1244574.00,26598,1217976,420.00,403.00,823.00,403,420,0.00,0.00,0,0
1535204464,s2-eth2,26598.00,1217976.00,1244574.00,1217976,26598,403.00,420.00,823.00,420,403,0.00,0.00,0,0
1535204464,eth1,0.00,0.00,0.00,0,0,0.00,0.00,0.00,0,0,0.00,0.00,0,0
1535204464,eth0,0.00,0.00,0.00,0,0,0.00,0.00,0.00,0,0,0.00,0.00,0,0
1535204464,total,3733590.00,3733656.00,7467246.00,3733656,3733590,2467.00,2468.00,4935.00,2468,2467,0.00,0.00,0,0
1535204465,s3-eth1,1222452.00,26598.00,1249050.00,26598,1222452,422.00,403.00,825.00,403,422,0.00,0.00,0,0
1535204465,s1-eth2,26664.00,1222452.00,1249116.00,1222452,26664,404.00,422.00,826.00,422,404,0.00,0.00,0,0
1535204465,s2-eth1,1222452.00,26664.00,1249116.00,26664,1222452,422.00,404.00,826.00,404,422,0.00,0.00,0,0
1535204465,lo,0.00,0.00,0.00,0,0,0.00,0.00,0.00,0,0,0.00,0.00,0,0
1535204465,s3-eth2,26664.00,1222452.00,1249116.00,1222452,26664,404.00,422.00,826.00,422,404,0.00,0.00,0,0
1535204465,s1-eth1,1222452.00,26598.00,1249050.00,26598,1222452,422.00,403.00,825.00,403,422,0.00,0.00,0,0
1535204465,s2-eth2,26598.00,1222452.00,1249050.00,1222452,26598,403.00,422.00,825.00,422,403,0.00,0.00,0,0
1535204465,eth1,0.00,0.00,0.00,0,0,0.00,0.00,0.00,0,0,0.00,0.00,0,0
1535204465,eth0,0.00,0.00,0.00,0,0,0.00,0.00,0.00,0,0,0.00,0.00,0,0
1535204465,total,3747282.00,3747216.00,7494498.00,3747216,3747282,2477.00,2476.00,4953.00,2476,2477,0.00,0.00,0,0
1535204466,s3-eth1,1215014.00,26376.00,1241390.00,26376,1215014,419.00,400.00,819.00,400,419,0.00,0.00,0,0
1535204466,s1-eth2,26442.00,1215014.00,1241456.00,1215014,26442,401.00,419.00,820.00,419,401,0.00,0.00,0,0
1535204466,s2-eth1,1215014.00,26442.00,1241456.00,26442,1215014,419.00,401.00,820.00,401,419,0.00,0.00,0,0
1535204466,lo,1404.00,1404.00,2808.00,1404,1404,18.00,18.00,36.00,18,18,0.00,0.00,0,0
1535204466,s3-eth2,26376.00,1217976.00,1244352.00,1217976,26376,400.00,420.00,820.00,420,400,0.00,0.00,0,0
1535204466,s1-eth1,1215014.00,26442.00,1241456.00,26442,1215014,419.00,401.00,820.00,401,419,0.00,0.00,0,0
1535204466,s2-eth2,26376.00,1215014.00,1241390.00,1215014,26376,400.00,419.00,819.00,419,400,0.00,0.00,0,0
1535204466,eth1,0.00,0.00,0.00,0,0,0.00,0.00,0.00,0,0,0.00,0.00,0,0
1535204466,eth0,0.00,0.00,0.00,0,0,0.00,0.00,0.00,0,0,0.00,0.00,0,0
1535204466,total,3725640.00,3728668.00,7454308.00,3728668,3725640,2476.00,2478.00,4954.00,2478,2476,0.00,0.00,0,0
1535204467,s3-eth1,1220980.00,26664.00,1247644.00,26664,1220980,422.00,404.00,826.00,404,422,0.00,0.00,0,0
1535204467,s1-eth2,26598.00,1220980.00,1247578.00,1220980,26598,403.00,422.00,825.00,422,403,0.00,0.00,0,0
1535204467,s2-eth1,1220980.00,26598.00,1247578.00,26598,1220980,422.00,403.00,825.00,403,422,0.00,0.00,0,0
1535204467,lo,0.00,0.00,0.00,0,0,0.00,0.00,0.00,0,0,0.00,0.00,0,0
1535204467,s3-eth2,26664.00,1220980.00,1247644.00,1220980,26664,404.00,422.00,826.00,422,404,0.00,0.00,0,0
1535204467,s1-eth1,1220980.00,26598.00,1247578.00,26598,1220980,422.00,403.00,825.00,403,422,0.00,0.00,0,0
1535204467,s2-eth2,26664.00,1220980.00,1247644.00,1220980,26664,404.00,422.00,826.00,422,404,0.00,0.00,0,0
1535204467,eth1,0.00,0.00,0.00,0,0,0.00,0.00,0.00,0,0,0.00,0.00,0,0
1535204467,eth0,60.00,60.00,120.00,60,60,1.00,1.00,2.00,1,1,0.00,0.00,0,0
1535204467,total,3742926.00,3742860.00,7485786.00,3742860,3742926,2478.00,2477.00,4955.00,2477,2478,0.00,0.00,0,0
1535204468,s3-eth1,1220938.00,26598.00,1247536.00,26598,1220938,421.00,403.00,824.00,403,421,0.00,0.00,0,0
1535204468,s1-eth2,26598.00,1220938.00,1247536.00,1220938,26598,403.00,421.00,824.00,421,403,0.00,0.00,0,0
1535204468,s2-eth1,1220938.00,26598.00,1247536.00,26598,1220938,421.00,403.00,824.00,403,421,0.00,0.00,0,0
1535204468,lo,0.00,0.00,0.00,0,0,0.00,0.00,0.00,0,0,0.00,0.00,0,0
1535204468,s3-eth2,26598.00,1222452.00,1249050.00,1222452,26598,403.00,422.00,825.00,422,403,0.00,0.00,0,0
1535204468,s1-eth1,1220938.00,26598.00,1247536.00,26598,1220938,421.00,403.00,824.00,403,421,0.00,0.00,0,0
1535204468,s2-eth2,26598.00,1220938.00,1247536.00,1220938,26598,403.00,421.00,824.00,421,403,0.00,0.00,0,0
1535204468,eth1,0.00,0.00,0.00,0,0,0.00,0.00,0.00,0,0,0.00,0.00,0,0
1535204468,eth0,60.00,60.00,120.00,60,60,1.00,1.00,2.00,1,1,0.00,0.00,0,0
1535204468,total,3742668.00,3744182.00,7486850.00,3744182,3742668,2473.00,2474.00,4947.00,2474,2473,0.00,0.00,0,0
1535204469,s3-eth1,1222452.00,26598.00,1249050.00,26598,1222452,422.00,403.00,825.00,403,422,0.00,0.00,0,0
1535204469,s1-eth2,26598.00,1222452.00,1249050.00,1222452,26598,403.00,422.00,825.00,422,403,0.00,0.00,0,0
1535204469,s2-eth1,1222452.00,26598.00,1249050.00,26598,1222452,422.00,403.00,825.00,403,422,0.00,0.00,0,0
1535204469,lo,0.00,0.00,0.00,0,0,0.00,0.00,0.00,0,0,0.00,0.00,0,0
1535204469,s3-eth2,26598.00,1223900.00,1250498.00,1223900,26598,403.00,422.00,825.00,422,403,0.00,0.00,0,0
1535204469,s1-eth1,1222452.00,26598.00,1249050.00,26598,1222452,422.00,403.00,825.00,403,422,0.00,0.00,0,0
1535204469,s2-eth2,26664.00,1222452.00,1249116.00,1222452,26664,404.00,422.00,826.00,422,404,0.00,0.00,0,0
1535204469,eth1,0.00,0.00,0.00,0,0,0.00,0.00,0.00,0,0,0.00,0.00,0,0
1535204469,eth0,0.00,0.00,0.00,0,0,0.00,0.00,0.00,0,0,0.00,0.00,0,0
1535204469,total,3747216.00,3748598.00,7495814.00,3748598,3747216,2476.00,2475.00,4951.00,2475,2476,0.00,0.00,0,0
1535204470,s3-eth1,1223900.00,26664.00,1250564.00,26664,1223900,422.00,404.00,826.00,404,422,0.00,0.00,0,0
1535204470,s1-eth2,26664.00,1223900.00,1250564.00,1223900,26664,404.00,422.00,826.00,422,404,0.00,0.00,0,0
1535204470,s2-eth1,1223900.00,26664.00,1250564.00,26664,1223900,422.00,404.00,826.00,404,422,0.00,0.00,0,0
1535204470,lo,0.00,0.00,0.00,0,0,0.00,0.00,0.00,0,0,0.00,0.00,0,0
1535204470,s3-eth2,26664.00,1220938.00,1247602.00,1220938,26664,404.00,421.00,825.00,421,404,0.00,0.00,0,0
1535204470,s1-eth1,1223900.00,26664.00,1250564.00,26664,1223900,422.00,404.00,826.00,404,422,0.00,0.00,0,0
1535204470,s2-eth2,26598.00,1223900.00,1250498.00,1223900,26598,403.00,422.00,825.00,422,403,0.00,0.00,0,0
1535204470,eth1,0.00,0.00,0.00,0,0,0.00,0.00,0.00,0,0,0.00,0.00,0,0
1535204470,eth0,0.00,0.00,0.00,0,0,0.00,0.00,0.00,0,0,0.00,0.00,0,0
1535204470,total,3751626.00,3748730.00,7500356.00,3748730,3751626,2477.00,2477.00,4954.00,2477,2477,0.00,0.00,0,0
1535204471,s3-eth1,1224498.00,25674.00,1250172.00,25674,1224498,453.00,389.00,842.00,389,453,0.00,0.00,0,0
1535204471,s1-eth2,25674.00,1225946.00,1251620.00,1225946,25674,389.00,453.00,842.00,453,389,0.00,0.00,0,0
1535204471,s2-eth1,1225946.00,25674.00,1251620.00,25674,1225946,453.00,389.00,842.00,389,453,0.00,0.00,0,0
1535204471,lo,516.00,516.00,1032.00,516,516,9.00,9.00,18.00,9,9,0.00,0.00,0,0
1535204471,s3-eth2,25674.00,1227460.00,1253134.00,1227460,25674,389.00,454.00,843.00,454,389,0.00,0.00,0,0
1535204471,s1-eth1,1225946.00,25674.00,1251620.00,25674,1225946,453.00,389.00,842.00,389,453,0.00,0.00,0,0
1535204471,s2-eth2,25674.00,1224498.00,1250172.00,1224498,25674,389.00,453.00,842.00,453,389,0.00,0.00,0,0
1535204471,eth1,0.00,0.00,0.00,0,0,0.00,0.00,0.00,0,0,0.00,0.00,0,0
1535204471,eth0,0.00,0.00,0.00,0,0,0.00,0.00,0.00,0,0,0.00,0.00,0,0
1535204471,total,3753928.00,3755442.00,7509370.00,3755442,3753928,2535.00,2536.00,5071.00,2536,2535,0.00,0.00,0,0
1535204472,s3-eth1,1223900.00,26664.00,1250564.00,26664,1223900,422.00,404.00,826.00,404,422,0.00,0.00,0,0
1535204472,s1-eth2,26598.00,1222452.00,1249050.00,1222452,26598,403.00,422.00,825.00,422,403,0.00,0.00,0,0
1535204472,s2-eth1,1222452.00,26598.00,1249050.00,26598,1222452,422.00,403.00,825.00,403,422,0.00,0.00,0,0
1535204472,lo,0.00,0.00,0.00,0,0,0.00,0.00,0.00,0,0,0.00,0.00,0,0
1535204472,s3-eth2,26598.00,1220938.00,1247536.00,1220938,26598,403.00,421.00,824.00,421,403,0.00,0.00,0,0
1535204472,s1-eth1,1222452.00,26664.00,1249116.00,26664,1222452,422.00,404.00,826.00,404,422,0.00,0.00,0,0
1535204472,s2-eth2,26664.00,1223900.00,1250564.00,1223900,26664,404.00,422.00,826.00,422,404,0.00,0.00,0,0
1535204472,eth1,0.00,0.00,0.00,0,0,0.00,0.00,0.00,0,0,0.00,0.00,0,0
1535204472,eth0,0.00,0.00,0.00,0,0,0.00,0.00,0.00,0,0,0.00,0.00,0,0
1535204472,total,3748664.00,3747216.00,7495880.00,3747216,3748664,2476.00,2476.00,4952.00,2476,2476,0.00,0.00,0,0
1535204473,s3-eth1,1223900.00,26664.00,1250564.00,26664,1223900,422.00,404.00,826.00,404,422,0.00,0.00,0,0
1535204473,s1-eth2,26664.00,1223900.00,1250564.00,1223900,26664,404.00,422.00,826.00,422,404,0.00,0.00,0,0
1535204473,s2-eth1,1223900.00,26664.00,1250564.00,26664,1223900,422.00,404.00,826.00,404,422,0.00,0.00,0,0
1535204473,lo,0.00,0.00,0.00,0,0,0.00,0.00,0.00,0,0,0.00,0.00,0,0
1535204473,s3-eth2,26664.00,1223900.00,1250564.00,1223900,26664,404.00,422.00,826.00,422,404,0.00,0.00,0,0
1535204473,s1-eth1,1223900.00,26598.00,1250498.00,26598,1223900,422.00,403.00,825.00,403,422,0.00,0.00,0,0
1535204473,s2-eth2,26664.00,1223900.00,1250564.00,1223900,26664,404.00,422.00,826.00,422,404,0.00,0.00,0,0
1535204473,eth1,0.00,0.00,0.00,0,0,0.00,0.00,0.00,0,0,0.00,0.00,0,0
1535204473,eth0,0.00,0.00,0.00,0,0,0.00,0.00,0.00,0,0,0.00,0.00,0,0
1535204473,total,3751692.00,3751626.00,7503318.00,3751626,3751692,2478.00,2477.00,4955.00,2477,2478,0.00,0.00,0,0
1535204474,s3-eth1,1222452.00,26598.00,1249050.00,26598,1222452,422.00,403.00,825.00,403,422,0.00,0.00,0,0
1535204474,s1-eth2,26664.00,1223900.00,1250564.00,1223900,26664,404.00,422.00,826.00,422,404,0.00,0.00,0,0
1535204474,s2-eth1,1223900.00,26664.00,1250564.00,26664,1223900,422.00,404.00,826.00,404,422,0.00,0.00,0,0
1535204474,lo,0.00,0.00,0.00,0,0,0.00,0.00,0.00,0,0,0.00,0.00,0,0
1535204474,s3-eth2,26664.00,1225414.00,1252078.00,1225414,26664,404.00,423.00,827.00,423,404,0.00,0.00,0,0
1535204474,s1-eth1,1223900.00,26664.00,1250564.00,26664,1223900,422.00,404.00,826.00,404,422,0.00,0.00,0,0
1535204474,s2-eth2,26598.00,1222452.00,1249050.00,1222452,26598,403.00,422.00,825.00,422,403,0.00,0.00,0,0
1535204474,eth1,0.00,0.00,0.00,0,0,0.00,0.00,0.00,0,0,0.00,0.00,0,0
1535204474,eth0,0.00,0.00,0.00,0,0,0.00,0.00,0.00,0,0,0.00,0.00,0,0
1535204474,total,3750178.00,3751692.00,7501870.00,3751692,3750178,2477.00,2478.00,4955.00,2478,2477,0.00,0.00,0,0
1535204475,s3-eth1,1223900.00,26664.00,1250564.00,26664,1223900,422.00,404.00,826.00,404,422,0.00,0.00,0,0
1535204475,s1-eth2,26598.00,1222452.00,1249050.00,1222452,26598,403.00,422.00,825.00,422,403,0.00,0.00,0,0
1535204475,s2-eth1,1222452.00,26598.00,1249050.00,26598,1222452,422.00,403.00,825.00,403,422,0.00,0.00,0,0
1535204475,lo,0.00,0.00,0.00,0,0,0.00,0.00,0.00,0,0,0.00,0.00,0,0
1535204475,s3-eth2,26598.00,1223900.00,1250498.00,1223900,26598,403.00,422.00,825.00,422,403,0.00,0.00,0,0
1535204475,s1-eth1,1222452.00,26664.00,1249116.00,26664,1222452,422.00,404.00,826.00,404,422,0.00,0.00,0,0
1535204475,s2-eth2,26664.00,1223900.00,1250564.00,1223900,26664,404.00,422.00,826.00,422,404,0.00,0.00,0,0
1535204475,eth1,0.00,0.00,0.00,0,0,0.00,0.00,0.00,0,0,0.00,0.00,0,0
1535204475,eth0,1642.00,1327.00,2969.00,1327,1642,3.00,3.00,6.00,3,3,0.00,0.00,0,0
1535204475,total,3750306.00,3751505.00,7501811.00,3751505,3750306,2479.00,2480.00,4959.00,2480,2479,0.00,0.00,0,0
1535204476,s3-eth1,1223900.00,26664.00,1250564.00,26664,1223900,422.00,404.00,826.00,404,422,0.00,0.00,0,0
1535204476,s1-eth2,26664.00,1223900.00,1250564.00,1223900,26664,404.00,422.00,826.00,422,404,0.00,0.00,0,0
1535204476,s2-eth1,1223900.00,26664.00,1250564.00,26664,1223900,422.00,404.00,826.00,404,422,0.00,0.00,0,0
1535204476,lo,516.00,516.00,1032.00,516,516,9.00,9.00,18.00,9,9,0.00,0.00,0,0
1535204476,s3-eth2,26664.00,1223900.00,1250564.00,1223900,26664,404.00,422.00,826.00,422,404,0.00,0.00,0,0
1535204476,s1-eth1,1223900.00,26664.00,1250564.00,26664,1223900,422.00,404.00,826.00,404,422,0.00,0.00,0,0
1535204476,s2-eth2,26664.00,1223900.00,1250564.00,1223900,26664,404.00,422.00,826.00,422,404,0.00,0.00,0,0
1535204476,eth1,0.00,0.00,0.00,0,0,0.00,0.00,0.00,0,0,0.00,0.00,0,0
1535204476,eth0,0.00,0.00,0.00,0,0,0.00,0.00,0.00,0,0,0.00,0.00,0,0
1535204476,total,3752208.00,3752208.00,7504416.00,3752208,3752208,2487.00,2487.00,4974.00,2487,2487,0.00,0.00,0,0
1535204477,s3-eth1,1225682.00,25938.00,1251620.00,25938,1225682,449.00,393.00,842.00,393,449,0.00,0.00,0,0
1535204477,s1-eth2,26004.00,1227130.00,1253134.00,1227130,26004,394.00,449.00,843.00,449,394,0.00,0.00,0,0
1535204477,s2-eth1,1227130.00,26004.00,1253134.00,26004,1227130,449.00,394.00,843.00,394,449,0.00,0.00,0,0
1535204477,lo,0.00,0.00,0.00,0,0,0.00,0.00,0.00,0,0,0.00,0.00,0,0
1535204477,s3-eth2,26004.00,1224300.00,1250304.00,1224300,26004,394.00,450.00,844.00,450,394,0.00,0.00,0,0
1535204477,s1-eth1,1225616.00,25938.00,1251554.00,25938,1225616,448.00,393.00,841.00,393,448,0.00,0.00,0,0
1535204477,s2-eth2,25938.00,1225682.00,1251620.00,1225682,25938,393.00,449.00,842.00,449,393,0.00,0.00,0,0
1535204477,eth1,0.00,0.00,0.00,0,0,0.00,0.00,0.00,0,0,0.00,0.00,0,0
1535204477,eth0,0.00,0.00,0.00,0,0,0.00,0.00,0.00,0,0,0.00,0.00,0,0
1535204477,total,3756374.00,3754992.00,7511366.00,3754992,3756374,2527.00,2528.00,5055.00,2528,2527,0.00,0.00,0,0
1535204478,s3-eth1,1222782.00,26334.00,1249116.00,26334,1222782,427.00,399.00,826.00,399,427,0.00,0.00,0,0
1535204478,s1-eth2,26334.00,1221334.00,1247668.00,1221334,26334,399.00,427.00,826.00,427,399,0.00,0.00,0,0
1535204478,s2-eth1,1221334.00,26334.00,1247668.00,26334,1221334,427.00,399.00,826.00,399,427,0.00,0.00,0,0
1535204478,lo,0.00,0.00,0.00,0,0,0.00,0.00,0.00,0,0,0.00,0.00,0,0
1535204478,s3-eth2,26334.00,1224164.00,1250498.00,1224164,26334,399.00,426.00,825.00,426,399,0.00,0.00,0,0
1535204478,s1-eth1,1225810.00,26334.00,1252144.00,26334,1225810,429.00,399.00,828.00,399,429,0.00,0.00,0,0
1535204478,s2-eth2,26334.00,1222782.00,1249116.00,1222782,26334,399.00,427.00,826.00,427,399,0.00,0.00,0,0
1535204478,eth1,0.00,0.00,0.00,0,0,0.00,0.00,0.00,0,0,0.00,0.00,0,0
1535204478,eth0,0.00,0.00,0.00,0,0,0.00,0.00,0.00,0,0,0.00,0.00,0,0
1535204478,total,3748928.00,3747282.00,7496210.00,3747282,3748928,2480.00,2477.00,4957.00,2477,2480,0.00,0.00,0,0
1535204479,s3-eth1,1149308.00,25344.00,1174652.00,25344,1149308,398.00,384.00,782.00,384,398,0.00,0.00,0,0
1535204479,s1-eth2,25278.00,1155232.00,1180510.00,1155232,25278,383.00,400.00,783.00,400,383,0.00,0.00,0,0
1535204479,s2-eth1,1155232.00,25278.00,1180510.00,25278,1155232,400.00,383.00,783.00,383,400,0.00,0.00,0,0
1535204479,lo,0.00,0.00,0.00,0,0,0.00,0.00,0.00,0,0,0.00,0.00,0,0
1535204479,s3-eth2,25344.00,1137460.00,1162804.00,1137460,25344,384.00,394.00,778.00,394,384,0.00,0.00,0,0
1535204479,s1-eth1,1155232.00,25278.00,1180510.00,25278,1155232,400.00,383.00,783.00,383,400,0.00,0.00,0,0
1535204479,s2-eth2,25344.00,1149308.00,1174652.00,1149308,25344,384.00,398.00,782.00,398,384,0.00,0.00,0,0
1535204479,eth1,0.00,0.00,0.00,0,0,0.00,0.00,0.00,0,0,0.00,0.00,0,0
1535204479,eth0,90.00,0.00,90.00,0,90,1.00,0.00,1.00,0,1,0.00,0.00,0,0
1535204479,total,3535828.00,3517900.00,7053728.00,3517900,3535828,2350.00,2342.00,4692.00,2342,2350,0.00,0.00,0,0
1535204480,s3-eth1,0.00,0.00,0.00,0,0,0.00,0.00,0.00,0,0,0.00,0.00,0,0
1535204480,s1-eth2,0.00,0.00,0.00,0,0,0.00,0.00,0.00,0,0,0.00,0.00,0,0
1535204480,s2-eth1,0.00,0.00,0.00,0,0,0.00,0.00,0.00,0,0,0.00,0.00,0,0
1535204480,lo,0.00,0.00,0.00,0,0,0.00,0.00,0.00,0,0,0.00,0.00,0,0
1535204480,s3-eth2,0.00,0.00,0.00,0,0,0.00,0.00,0.00,0,0,0.00,0.00,0,0
1535204480,s1-eth1,0.00,0.00,0.00,0,0,0.00,0.00,0.00,0,0,0.00,0.00,0,0
1535204480,s2-eth2,0.00,0.00,0.00,0,0,0.00,0.00,0.00,0,0,0.00,0.00,0,0
1535204480,eth1,0.00,0.00,0.00,0,0,0.00,0.00,0.00,0,0,0.00,0.00,0,0
1535204480,eth0,0.00,0.00,0.00,0,0,0.00,0.00,0.00,0,0,0.00,0.00,0,0
1535204480,total,0.00,0.00,0.00,0,0,0.00,0.00,0.00,0,0,0.00,0.00,0,0
1535204481,s3-eth1,0.00,0.00,0.00,0,0,0.00,0.00,0.00,0,0,0.00,0.00,0,0
1535204481,s1-eth2,0.00,0.00,0.00,0,0,0.00,0.00,0.00,0,0,0.00,0.00,0,0
1535204481,s2-eth1,0.00,0.00,0.00,0,0,0.00,0.00,0.00,0,0,0.00,0.00,0,0
1535204481,lo,516.00,516.00,1032.00,516,516,9.00,9.00,18.00,9,9,0.00,0.00,0,0
1535204481,s3-eth2,0.00,0.00,0.00,0,0,0.00,0.00,0.00,0,0,0.00,0.00,0,0
1535204481,s1-eth1,0.00,0.00,0.00,0,0,0.00,0.