1535205283,s3-eth1,0.00,0.00,0.00,0,0,0.00,0.00,0.00,0,0,0.00,0.00,0,0
1535205283,s1-eth2,0.00,0.00,0.00,0,0,0.00,0.00,0.00,0,0,0.00,0.00,0,0
1535205283,s2-eth1,0.00,0.00,0.00,0,0,0.00,0.00,0.00,0,0,0.00,0.00,0,0
1535205283,lo,0.00,0.00,0.00,0,0,0.00,0.00,0.00,0,0,0.00,0.00,0,0
1535205283,s3-eth2,0.00,0.00,0.00,0,0,0.00,0.00,0.00,0,0,0.00,0.00,0,0
1535205283,s1-eth1,0.00,0.00,0.00,0,0,0.00,0.00,0.00,0,0,0.00,0.00,0,0
1535205283,s2-eth2,0.00,0.00,0.00,0,0,0.00,0.00,0.00,0,0,0.00,0.00,0,0
1535205283,eth1,0.00,0.00,0.00,0,0,0.00,0.00,0.00,0,0,0.00,0.00,0,0
1535205283,eth0,0.00,0.00,0.00,0,0,0.00,0.00,0.00,0,0,0.00,0.00,0,0
1535205283,total,0.00,0.00,0.00,0,0,0.00,0.00,0.00,0,0,0.00,0.00,0,0
1535205284,s3-eth1,4518280.00,43032.00,4561312.00,43032,4518280,688.00,652.00,1340.00,652,688,0.00,0.00,0,0
1535205284,s1-eth2,43560.00,4473260.00,4516820.00,4473260,43560,660.00,686.00,1346.00,686,660,0.00,0.00,0,0
1535205284,s2-eth1,4473260.00,43560.00,4516820.00,43560,4473260,686.00,660.00,1346.00,660,686,0.00,0.00,0,0
1535205284,lo,0.00,0.00,0.00,0,0,0.00,0.00,0.00,0,0,0.00,0.00,0,0
1535205284,s3-eth2,42438.00,4584034.00,4626472.00,4584034,42438,643.00,697.00,1340.00,697,643,0.00,0.00,0,0
1535205284,s1-eth1,4423698.00,44154.00,4467852.00,44154,4423698,681.00,669.00,1350.00,669,681,0.00,0.00,0,0
1535205284,s2-eth2,43032.00,4525586.00,4568618.00,4525586,43032,652.00,689.00,1341.00,689,652,0.00,0.00,0,0
1535205284,eth1,0.00,0.00,0.00,0,0,0.00,0.00,0.00,0,0,0.00,0.00,0,0
1535205284,eth0,0.00,0.00,0.00,0,0,0.00,0.00,0.00,0,0,0.00,0.00,0,0
1535205284,total,13544268.00,13713626.00,27257894.00,13713626,13544268,4010.00,4053.00,8063.00,4053,4010,0.00,0.00,0,0
1535205285,s3-eth1,6012838.00,54252.00,6067090.00,54252,6012838,823.00,822.00,1645.00,822,823,0.00,0.00,0,0
1535205285,s1-eth2,54252.00,6012838.00,6067090.00,6012838,54252,822.00,823.00,1645.00,823,822,0.00,0.00,0,0
1535205285,s2-eth1,6012838.00,54252.00,6067090.00,54252,6012838,823.00,822.00,1645.00,822,823,0.00,0.00,0,0
1535205285,lo,0.00,0.00,0.00,0,0,0.00,0.00,0.00,0,0,0.00,0.00,0,0
1535205285,s3-eth2,54318.00,6012838.00,6067156.00,6012838,54318,823.00,823.00,1646.00,823,823,0.00,0.00,0,0
1535205285,s1-eth1,6005532.00,54252.00,6059784.00,54252,6005532,822.00,822.00,1644.00,822,822,0.00,0.00,0,0
1535205285,s2-eth2,54252.00,6005532.00,6059784.00,6005532,54252,822.00,822.00,1644.00,822,822,0.00,0.00,0,0
1535205285,eth1,0.00,0.00,0.00,0,0,0.00,0.00,0.00,0,0,0.00,0.00,0,0
1535205285,eth0,0.00,0.00,0.00,0,0,0.00,0.00,0.00,0,0,0.00,0.00,0,0
1535205285,total,18194030.00,18193964.00,36387992.00,18193964,18194030,4935.00,4934.00,9869.00,4934,4935,0.00,0.00,0,0
1535205286,s3-eth1,6005532.00,54252.00,6059784.00,54252,6005532,822.00,822.00,1644.00,822,822,0.00,0.00,0,0
1535205286,s1-eth2,54252.00,6005532.00,6059784.00,6005532,54252,822.00,822.00,1644.00,822,822,0.00,0.00,0,0
1535205286,s2-eth1,6005532.00,54252.00,6059784.00,54252,6005532,822.00,822.00,1644.00,822,822,0.00,0.00,0,0
1535205286,lo,0.00,0.00,0.00,0,0,0.00,0.00,0.00,0,0,0.00,0.00,0,0
1535205286,s3-eth2,54186.00,6005532.00,6059718.00,6005532,54186,821.00,822.00,1643.00,822,821,0.00,0.00,0,0
1535205286,s1-eth1,6005532.00,54186.00,6059718.00,54186,6005532,822.00,821.00,1643.00,821,822,0.00,0.00,0,0
1535205286,s2-eth2,54252.00,6005532.00,6059784.00,6005532,54252,822.00,822.00,1644.00,822,822,0.00,0.00,0,0
1535205286,eth1,0.00,0.00,0.00,0,0,0.00,0.00,0.00,0,0,0.00,0.00,0,0
1535205286,eth0,0.00,0.00,0.00,0,0,0.00,0.00,0.00,0,0,0.00,0.00,0,0
1535205286,total,18179286.00,18179286.00,36358572.00,18179286,18179286,4931.00,4931.00,9862.00,4931,4931,0.00,0.00,0,0
1535205287,s3-eth1,6020144.00,54318.00,6074462.00,54318,6020144,824.00,823.00,1647.00,823,824,0.00,0.00,0,0
1535205287,s1-eth2,54384.00,6020144.00,6074528.00,6020144,54384,824.00,824.00,1648.00,824,824,0.00,0.00,0,0
1535205287,s2-eth1,6020144.00,54384.00,6074528.00,54384,6020144,824.00,824.00,1648.00,824,824,0.00,0.00,0,0
1535205287,lo,0.00,0.00,0.00,0,0,0.00,0.00,0.00,0,0,0.00,0.00,0,0
1535205287,s3-eth2,54384.00,6020144.00,6074528.00,6020144,54384,824.00,824.00,1648.00,824,824,0.00,0.00,0,0
1535205287,s1-eth1,6020144.00,54384.00,6074528.00,54384,6020144,824.00,824.00,1648.00,824,824,0.00,0.00,0,0
1535205287,s2-eth2,54318.00,6020144.00,6074462.00,6020144,54318,823.00,824.00,1647.00,824,823,0.00,0.00,0,0
1535205287,eth1,0.00,0.00,0.00,0,0,0.00,0.00,0.00,0,0,0.00,0.00,0,0
1535205287,eth0,312.00,425.00,737.00,425,312,4.00,3.00,7.00,3,4,0.00,0.00,0,0
1535205287,total,18223830.00,18223944.00,36447772.00,18223943,18223830,4947.00,4946.00,9893.00,4946,4947,0.00,0.00,0,0
1535205288,s3-eth1,6014314.00,62304.00,6076618.00,62304,6014314,977.00,944.00,1921.00,944,977,0.00,0.00,0,0
1535205288,s1-eth2,62634.00,6013852.00,6076486.00,6013852,62634,949.00,970.00,1919.00,970,949,0.00,0.00,0,0
1535205288,s2-eth1,6013852.00,62634.00,6076486.00,62634,6013852,970.00,949.00,1919.00,949,970,0.00,0.00,0,0
1535205288,lo,516.00,516.00,1032.00,516,516,9.00,9.00,18.00,9,9,0.00,0.00,0,0
1535205288,s3-eth2,61908.00,6014776.00,6076684.00,6014776,61908,938.00,984.00,1922.00,984,938,0.00,0.00,0,0
1535205288,s1-eth1,6013390.00,62964.00,6076354.00,62964,6013390,963.00,954.00,1917.00,954,963,0.00,0.00,0,0
1535205288,s2-eth2,62304.00,6014314.00,6076618.00,6014314,62304,944.00,977.00,1921.00,977,944,0.00,0.00,0,0
1535205288,eth1,0.00,0.00,0.00,0,0,0.00,0.00,0.00,0,0,0.00,0.00,0,0
1535205288,eth0,252.00,365.00,617.00,365,252,3.00,2.00,5.00,2,3,0.00,0.00,0,0
1535205288,total,18229170.00,18231724.00,36460896.00,18231725,18229170,5753.00,5789.00,11542.00,5789,5753,0.00,0.00,0,0
1535205289,s3-eth1,6003418.00,72204.00,6075622.00,72204,6003418,1141.00,1094.00,2235.00,1094,1141,0.00,0.00,0,0
1535205289,s1-eth2,71940.00,6003682.00,6075622.00,6003682,71940,1090.00,1145.00,2235.00,1145,1090,0.00,0.00,0,0
1535205289,s2-eth1,6003682.00,71940.00,6075622.00,71940,6003682,1145.00,1090.00,2235.00,1090,1145,0.00,0.00,0,0
1535205289,lo,0.00,0.00,0.00,0,0,0.00,0.00,0.00,0,0,0.00,0.00,0,0
1535205289,s3-eth2,72468.00,6003154.00,6075622.00,6003154,72468,1098.00,1137.00,2235.00,1137,1098,0.00,0.00,0,0
1535205289,s1-eth1,6003946.00,71808.00,6075754.00,71808,6003946,1149.00,1088.00,2237.00,1088,1149,0.00,0.00,0,0
1535205289,s2-eth2,72204.00,6003418.00,6075622.00,6003418,72204,1094.00,1141.00,2235.00,1141,1094,0.00,0.00,0,0
1535205289,eth1,0.00,0.00,0.00,0,0,0.00,0.00,0.00,0,0,0.00,0.00,0,0
1535205289,eth0,0.00,0.00,0.00,0,0,0.00,0.00,0.00,0,0,0.00,0.00,0,0
1535205289,total,18227658.00,18226206.00,36453864.00,18226206,18227658,6717.00,6695.00,13412.00,6695,6717,0.00,0.00,0,0
1535205290,s3-eth1,6019206.00,66330.00,6085536.00,66330,6019206,1095.00,1005.00,2100.00,1005,1095,0.00,0.00,0,0
1535205290,s1-eth2,66330.00,6019206.00,6085536.00,6019206,66330,1005.00,1095.00,2100.00,1095,1005,0.00,0.00,0,0
1535205290,s2-eth1,6019206.00,66330.00,6085536.00,66330,6019206,1095.00,1005.00,2100.00,1005,1095,0.00,0.00,0,0
1535205290,lo,0.00,0.00,0.00,0,0,0.00,0.00,0.00,0,0,0.00,0.00,0,0
1535205290,s3-eth2,66264.00,6019206.00,6085470.00,6019206,66264,1004.00,1095.00,2099.00,1095,1004,0.00,0.00,0,0
1535205290,s1-eth1,6019206.00,66264.00,6085470.00,66264,6019206,1095.00,1004.00,2099.00,1004,1095,0.00,0.00,0,0
1535205290,s2-eth2,66330.00,6019206.00,6085536.00,6019206,66330,1005.00,1095.00,2100.00,1095,1005,0.00,0.00,0,0
1535205290,eth1,0.00,0.00,0.00,0,0,0.00,0.00,0.00,0,0,0.00,0.00,0,0
1535205290,eth0,0.00,0.00,0.00,0,0,0.00,0.00,0.00,0,0,0.00,0.00,0,0
1535205290,total,18256542.00,18256542.00,36513084.00,18256542,18256542,6299.00,6299.00,12598.00,6299,6299,0.00,0.00,0,0
1535205291,s3-eth1,6001632.00,66000.00,6067632.00,66000,6001632,1092.00,1000.00,2092.00,1000,1092,0.00,0.00,0,0
1535205291,s1-eth2,66000.00,6001632.00,6067632.00,6001632,66000,1000.00,1092.00,2092.00,1092,1000,0.00,0.00,0,0
1535205291,s2-eth1,6001632.00,66000.00,6067632.00,66000,6001632,1092.00,1000.00,2092.00,1000,1092,0.00,0.00,0,0
1535205291,lo,0.00,0.00,0.00,0,0,0.00,0.00,0.00,0,0,0.00,0.00,0,0
1535205291,s3-eth2,66066.00,6001632.00,6067698.00,6001632,66066,1001.00,1092.00,2093.00,1092,1001,0.00,0.00,0,0
1535205291,s1-eth1,6001632.00,66066.00,6067698.00,66066,6001632,1092.00,1001.00,2093.00,1001,1092,0.00,0.00,0,0
1535205291,s2-eth2,66000.00,6001632.00,6067632.00,6001632,66000,1000.00,1092.00,2092.00,1092,1000,0.00,0.00,0,0
1535205291,eth1,0.00,0.00,0.00,0,0,0.00,0.00,0.00,0,0,0.00,0.00,0,0
1535205291,eth0,0.00,0.00,0.00,0,0,0.00,0.00,0.00,0,0,0.00,0.00,0,0
1535205291,total,18202962.00,18202962.00,36405924.00,18202962,18202962,6277.00,6277.00,12554.00,6277,6277,0.00,0.00,0,0
1535205292,s3-eth1,6007490.00,66198.00,6073688.00,66198,6007490,1093.00,1003.00,2096.00,1003,1093,0.00,0.00,0,0
1535205292,s1-eth2,66198.00,6007490.00,6073688.00,6007490,66198,1003.00,1093.00,2096.00,1093,1003,0.00,0.00,0,0
1535205292,s2-eth1,6007490.00,66198.00,6073688.00,66198,6007490,1093.00,1003.00,2096.00,1003,1093,0.00,0.00,0,0
1535205292,lo,0.00,0.00,0.00,0,0,0.00,0.00,0.00,0,0,0.00,0.00,0,0
1535205292,s3-eth2,66198.00,6007490.00,6073688.00,6007490,66198,1003.00,1093.00,2096.00,1093,1003,0.00,0.00,0,0
1535205292,s1-eth1,6007490.00,66132.00,6073622.00,66132,6007490,1093.00,1002.00,2095.00,1002,1093,0.00,0.00,0,0
1535205292,s2-eth2,66198.00,6007490.00,6073688.00,6007490,66198,1003.00,1093.00,2096.00,1093,1003,0.00,0.00,0,0
1535205292,eth1,0.00,0.00,0.00,0,0,0.00,0.00,0.00,0,0,0.00,0.00,0,0
1535205292,eth0,0.00,0.00,0.00,0,0,0.00,0.00,0.00,0,0,0.00,0.00,0,0
1535205292,total,18221064.00,18220998.00,36442064.00,18220998,18221064,6288.00,6287.00,12575.00,6287,6288,0.00,0.00,0,0
1535205293,s3-eth1,5989916.00,65934.00,6055850.00,65934,5989916,1090.00,999.00,2089.00,999,1090,0.00,0.00,0,0
1535205293,s1-eth2,65934.00,5989916.00,6055850.00,5989916,65934,999.00,1090.00,2089.00,1090,999,0.00,0.00,0,0
1535205293,s2-eth1,5989916.00,65934.00,6055850.00,65934,5989916,1090.00,999.00,2089.00,999,1090,0.00,0.00,0,0
1535205293,lo,516.00,516.00,1032.00,516,516,9.00,9.00,18.00,9,9,0.00,0.00,0,0
1535205293,s3-eth2,65868.00,5989916.00,6055784.00,5989916,65868,998.00,1090.00,2088.00,1090,998,0.00,0.00,0,0
1535205293,s1-eth1,5989916.00,65934.00,6055850.00,65934,5989916,1090.00,999.00,2089.00,999,1090,0.00,0.00,0,0
1535205293,s2-eth2,65934.00,5989916.00,6055850.00,5989916,65934,999.00,1090.00,2089.00,1090,999,0.00,0.00,0,0
1535205293,eth1,0.00,0.00,0.00,0,0,0.00,0.00,0.00,0,0,0.00,0.00,0,0
1535205293,eth0,0.00,0.00,0.00,0,0,0.00,0.00,0.00,0,0,0.00,0.00,0,0
1535205293,total,18168000.00,18168066.00,36336064.00,18168066,18168000,6275.00,6276.00,12551.00,6276,6275,0.00,0.00,0,0
1535205294,s3-eth1,6007490.00,66066.00,6073556.00,66066,6007490,1093.00,1001.00,2094.00,1001,1093,0.00,0.00,0,0
1535205294,s1-eth2,66066.00,6007490.00,6073556.00,6007490,66066,1001.00,1093.00,2094.00,1093,1001,0.00,0.00,0,0
1535205294,s2-eth1,6007490.00,66066.00,6073556.00,66066,6007490,1093.00,1001.00,2094.00,1001,1093,0.00,0.00,0,0
1535205294,lo,0.00,0.00,0.00,0,0,0.00,0.00,0.00,0,0,0.00,0.00,0,0
1535205294,s3-eth2,66132.00,6007490.00,6073622.00,6007490,66132,1002.00,1093.00,2095.00,1093,1002,0.00,0.00,0,0
1535205294,s1-eth1,6007490.00,66132.00,6073622.00,66132,6007490,1093.00,1002.00,2095.00,1002,1093,0.00,0.00,0,0
1535205294,s2-eth2,66066.00,6007490.00,6073556.00,6007490,66066,1001.00,1093.00,2094.00,1093,1001,0.00,0.00,0,0
1535205294,eth1,0.00,0.00,0.00,0,0,0.00,0.00,0.00,0,0,0.00,0.00,0,0
1535205294,eth0,0.00,0.00,0.00,0,0,0.00,0.00,0.00,0,0,0.00,0.00,0,0
1535205294,total,18220734.00,18220734.00,36441468.00,18220734,18220734,6283.00,6283.00,12566.00,6283,6283,0.00,0.00,0,0
1535205295,s3-eth1,6019206.00,66264.00,6085470.00,66264,6019206,1095.00,1004.00,2099.00,1004,1095,0.00,0.00,0,0
1535205295,s1-eth2,66264.00,6019206.00,6085470.00,6019206,66264,1004.00,1095.00,2099.00,1095,1004,0.00,0.00,0,0
1535205295,s2-eth1,6019206.00,66264.00,6085470.00,66264,6019206,1095.00,1004.00,2099.00,1004,1095,0.00,0.00,0,0
1535205295,lo,0.00,0.00,0.00,0,0,0.00,0.00,0.00,0,0,0.00,0.00,0,0
1535205295,s3-eth2,66264.00,6019206.00,6085470.00,6019206,66264,1004.00,1095.00,2099.00,1095,1004,0.00,0.00,0,0
1535205295,s1-eth1,6019206.00,66198.00,6085404.00,66198,6019206,1095.00,1003.00,2098.00,1003,1095,0.00,0.00,0,0
1535205295,s2-eth2,66264.00,6019206.00,6085470.00,6019206,66264,1004.00,1095.00,2099.00,1095,1004,0.00,0.00,0,0
1535205295,eth1,0.00,0.00,0.00,0,0,0.00,0.00,0.00,0,0,0.00,0.00,0,0
1535205295,eth0,0.00,0.00,0.00,0,0,0.00,0.00,0.00,0,0,0.00,0.00,0,0
1535205295,total,18256410.00,18256344.00,36512752.00,18256344,18256410,6297.00,6296.00,12593.00,6296,6297,0.00,0.00,0,0
1535205296,s3-eth1,5995774.00,66066.00,6061840.00,66066,5995774,1091.00,1001.00,2092.00,1001,1091,0.00,0.00,0,0
1535205296,s1-eth2,66066.00,5995774.00,6061840.00,5995774,66066,1001.00,1091.00,2092.00,1091,1001,0.00,0.00,0,0
1535205296,s2-eth1,5995774.00,66066.00,6061840.00,66066,5995774,1091.00,1001.00,2092.00,1001,1091,0.00,0.00,0,0
1535205296,lo,0.00,0.00,0.00,0,0,0.00,0.00,0.00,0,0,0.00,0.00,0,0
1535205296,s3-eth2,66066.00,5995774.00,6061840.00,5995774,66066,1001.00,1091.00,2092.00,1091,1001,0.00,0.00,0,0
1535205296,s1-eth1,5995774.00,66066.00,6061840.00,66066,5995774,1091.00,1001.00,2092.00,1001,1091,0.00,0.00,0,0
1535205296,s2-eth2,66066.00,5995774.00,6061840.00,5995774,66066,1001.00,1091.00,2092.00,1091,1001,0.00,0.00,0,0
1535205296,eth1,0.00,0.00,0.00,0,0,0.00,0.00,0.00,0,0,0.00,0.00,0,0
1535205296,eth0,0.00,0.00,0.00,0,0,0.00,0.00,0.00,0,0,0.00,0.00,0,0
1535205296,total,18185520.00,18185520.00,36371040.00,18185520,18185520,6276.00,6276.00,12552.00,6276,6276,0.00,0.00,0,0
1535205297,s3-eth1,6001632.00,66066.00,6067698.00,66066,6001632,1092.00,1001.00,2093.00,1001,1092,0.00,0.00,0,0
1535205297,s1-eth2,66066.00,6001632.00,6067698.00,6001632,66066,1001.00,1092.00,2093.00,1092,1001,0.00,0.00,0,0
1535205297,s2-eth1,6001632.00,66066.00,6067698.00,66066,6001632,1092.00,1001.00,2093.00,1001,1092,0.00,0.00,0,0
1535205297,lo,0.00,0.00,0.00,0,0,0.00,0.00,0.00,0,0,0.00,0.00,0,0
1535205297,s3-eth2,66000.00,6001632.00,6067632.00,6001632,66000,1000.00,1092.00,2092.00,1092,1000,0.00,0.00,0,0
1535205297,s1-eth1,6001632.00,66066.00,6067698.00,66066,6001632,1092.00,1001.00,2093.00,1001,1092,0.00,0.00,0,0
1535205297,s2-eth2,66066.00,6001632.00,6067698.00,6001632,66066,1001.00,1092.00,2093.00,1092,1001,0.00,0.00,0,0
1535205297,eth1,0.00,0.00,0.00,0,0,0.00,0.00,0.00,0,0,0.00,0.00,0,0
1535205297,eth0,60.00,60.00,120.00,60,60,1.00,1.00,2.00,1,1,0.00,0.00,0,0
1535205297,total,18203088.00,18203154.00,36406240.00,18203154,18203088,6279.00,6280.00,12559.00,6280,6279,0.00,0.00,0,0
1535205298,s3-eth1,6007490.00,66132.00,6073622.00,66132,6007490,1093.00,1002.00,2095.00,1002,1093,0.00,0.00,0,0
1535205298,s1-eth2,66132.00,6007490.00,6073622.00,6007490,66132,1002.00,1093.00,2095.00,1093,1002,0.00,0.00,0,0
1535205298,s2-eth1,6007490.00,66132.00,6073622.00,66132,6007490,1093.00,1002.00,2095.00,1002,1093,0.00,0.00,0,0
1535205298,lo,516.00,516.00,1032.00,516,516,9.00,9.00,18.00,9,9,0.00,0.00,0,0
1535205298,s3-eth2,66132.00,6007490.00,6073622.00,6007490,66132,1002.00,1093.00,2095.00,1093,1002,0.00,0.00,0,0
1535205298,s1-eth1,6007490.00,66132.00,6073622.00,66132,6007490,1093.00,1002.00,2095.00,1002,1093,0.00,0.00,0,0
1535205298,s2-eth2,66132.00,6007490.00,6073622.00,6007490,66132,1002.00,1093.00,2095.00,1093,1002,0.00,0.00,0,0
1535205298,eth1,0.00,0.00,0.00,0,0,0.00,0.00,0.00,0,0,0.00,0.00,0,0
1535205298,eth0,0.00,0.00,0.00,0,0,0.00,0.00,0.00,0,0,0.00,0.00,0,0
1535205298,total,18221382.00,18221382.00,36442764.00,18221382,18221382,6294.00,6294.00,12588.00,6294,6294,0.00,0.00,0,0
1535205299,s3-eth1,5995774.00,65934.00,6061708.00,65934,5995774,1091.00,999.00,2090.00,999,1091,0.00,0.00,0,0
1535205299,s1-eth2,65934.00,5995774.00,6061708.00,5995774,65934,999.00,1091.00,2090.00,1091,999,0.00,0.00,0,0
1535205299,s2-eth1,5995774.00,65934.00,6061708.00,65934,5995774,1091.00,999.00,2090.00,999,1091,0.00,0.00,0,0
1535205299,lo,0.00,0.00,0.00,0,0,0.00,0.00,0.00,0,0,0.00,0.00,0,0
1535205299,s3-eth2,66000.00,5995774.00,6061774.00,5995774,66000,1000.00,1091.00,2091.00,1091,1000,0.00,0.00,0,0
1535205299,s1-eth1,5995774.00,65934.00,6061708.00,65934,5995774,1091.00,999.00,2090.00,999,1091,0.00,0.00,0,0
1535205299,s2-eth2,65934.00,5995774.00,6061708.00,5995774,65934,999.00,1091.00,2090.00,1091,999,0.00,0.00,0,0
1535205299,eth1,0.00,0.00,0.00,0,0,0.00,0.00,0.00,0,0,0.00,0.00,0,0
1535205299,eth0,90.00,0.00,90.00,0,90,1.00,0.00,1.00,0,1,0.00,0.00,0,0
1535205299,total,18185280.00,18185124.00,36370404.00,18185124,18185280,6272.00,6270.00,12542.00,6270,6272,0.00,0.00,0,0
1535205300,s3-eth1,6001632.00,66132.00,6067764.00,66132,6001632,1092.00,1002.00,2094.00,1002,1092,0.00,0.00,0,0
1535205300,s1-eth2,66132.00,6001632.00,6067764.00,6001632,66132,1002.00,1092.00,2094.00,1092,1002,0.00,0.00,0,0
1535205300,s2-eth1,6001632.00,66132.00,6067764.00,66132,6001632,1092.00,1002.00,2094.00,1002,1092,0.00,0.00,0,0
1535205300,lo,0.00,0.00,0.00,0,0,0.00,0.00,0.00,0,0,0.00,0.00,0,0
1535205300,s3-eth2,66132.00,6001632.00,6067764.00,6001632,66132,1002.00,1092.00,2094.00,1092,1002,0.00,0.00,0,0
1535205300,s1-eth1,6001632.00,66132.00,6067764.00,66132,6001632,1092.00,1002.00,2094.00,1002,1092,0.00,0.00,0,0
1535205300,s2-eth2,66132.00,6001632.00,6067764.00,6001632,66132,1002.00,1092.00,2094.00,1092,1002,0.00,0.00,0,0
1535205300,eth1,0.00,0.00,0.00,0,0,0.00,0.00,0.00,0,0,0.00,0.00,0,0
1535205300,eth0,0.00,0.00,0.00,0,0,0.00,0.00,0.00,0,0,0.00,0.00,0,0
1535205300,total,18203292.00,18203292.00,36406584.00,18203292,18203292,6282.00,6282.00,12564.00,6282,6282,0.00,0.00,0,0
1535205301,s3-eth1,5972342.00,65736.00,6038078.00,65736,5972342,1087.00,996.00,2083.00,996,1087,0.00,0.00,0,0
1535205301,s1-eth2,65736.00,5972342.00,6038078.00,5972342,65736,996.00,1087.00,2083.00,1087,996,0.00,0.00,0,0
1535205301,s2-eth1,5972342.00,65736.00,6038078.00,65736,5972342,1087.00,996.00,2083.00,996,1087,0.00,0.00,0,0
1535205301,lo,0.00,0.00,0.00,0,0,0.00,0.00,0.00,0,0,0.00,0.00,0,0
1535205301,s3-eth2,65736.00,5972342.00,6038078.00,5972342,65736,996.00,1087.00,2083.00,1087,996,0.00,0.00,0,0
1535205301,s1-eth1,5972342.00,65736.00,6038078.00,65736,5972342,1087.00,996.00,2083.00,996,1087,0.00,0.00,0,0
1535205301,s2-eth2,65736.00,5972342.00,6038078.00,5972342,65736,996.00,1087.00,2083.00,1087,996,0.00,0.00,0,0
1535205301,eth1,0.00,0.00,0.00,0,0,0.00,0.00,0.00,0,0,0.00,0.00,0,0
1535205301,eth0,0.00,0.00,0.00,0,0,0.00,0.00,0.00,0,0,0.00,0.00,0,0
1535205301,total,18114234.00,18114234.00,36228468.00,18114234,18114234,6249.00,6249.00,12498.00,6249,6249,0.00,0.00,0,0
1535205302,s3-eth1,6001632.00,66000.00,6067632.00,66000,6001632,1092.00,1000.00,2092.00,1000,1092,0.00,0.00,0,0
1535205302,s1-eth2,66000.00,6001632.00,6067632.00,6001632,66000,1000.00,1092.00,2092.00,1092,1000,0.00,0.00,0,0
1535205302,s2-eth1,6001632.00,66000.00,6067632.00,66000,6001632,1092.00,1000.00,2092.00,1000,1092,0.00,0.00,0,0
1535205302,lo,0.00,0.00,0.00,0,0,0.00,0.00,0.00,0,0,0.00,0.00,0,0
1535205302,s3-eth2,66000.00,6001632.00,6067632.00,6001632,66000,1000.00,1092.00,2092.00,1092,1000,0.00,0.00,0,0
1535205302,s1-eth1,6001632.00,66000.00,6067632.00,66000,6001632,1092.00,1000.00,2092.00,1000,1092,0.00,0.00,0,0
1535205302,s2-eth2,66000.00,6001632.00,6067632.00,6001632,66000,1000.00,1092.00,2092.00,1092,1000,0.00,0.00,0,0
1535205302,eth1,0.00,0.00,0.00,0,0,0.00,0.00,0.00,0,0,0.00,0.00,0,0
1535205302,eth0,60.00,60.00,120.00,60,60,1.00,1.00,2.00,1,1,0.00,0.00,0,0
1535205302,total,18202956.00,18202956.00,36405912.00,18202956,18202956,6277.00,6277.00,12554.00,6277,6277,0.00,0.00,0,0
1535205303,s3-eth1,5995774.00,66066.00,6061840.00,66066,5995774,1091.00,1001.00,2092.00,1001,1091,0.00,0.00,0,0
1535205303,s1-eth2,66066.00,5995774.00,6061840.00,5995774,66066,1001.00,1091.00,2092.00,1091,1001,0.00,0.00,0,0
1535205303,s2-eth1,5995774.00,66066.00,6061840.00,66066,5995774,1091.00,1001.00,2092.00,1001,1091,0.00,0.00,0,0
1535205303,lo,516.00,516.00,1032.00,516,516,9.00,9.00,18.00,9,9,0.00,0.00,0,0
1535205303,s3-eth2,66066.00,5995774.00,6061840.00,5995774,66066,1001.00,1091.00,2092.00,1091,1001,0.00,0.00,0,0
1535205303,s1-eth1,5995774.00,66066.00,6061840.00,66066,5995774,1091.00,1001.00,2092.00,1001,1091,0.00,0.00,0,0
1535205303,s2-eth2,66066.00,5995774.00,6061840.00,5995774,66066,1001.00,1091.00,2092.00,1091,1001,0.00,0.00,0,0
1535205303,eth1,0.00,0.00,0.00,0,0,0.00,0.00,0.00,0,0,0.00,0.00,0,0
1535205303,eth0,205.00,180.00,385.00,180,205,3.00,3.00,6.00,3,3,0.00,0.00,0,0
1535205303,total,18186240.00,18186216.00,36372456.00,18186216,18186241,6288.00,6288.00,12576.00,6288,6288,0.00,0.00,0,0
1535205304,s3-eth1,6001632.00,66198.00,6067830.00,66198,6001632,1092.00,1003.00,2095.00,1003,1092,0.00,0.00,0,0
1535205304,s1-eth2,66198.00,6001632.00,6067830.00,6001632,66198,1003.00,1092.00,2095.00,1092,1003,0.00,0.00,0,0
1535205304,s2-eth1,6001632.00,66198.00,6067830.00,66198,6001632,1092.00,1003.00,2095.00,1003,1092,0.00,0.00,0,0
1535205304,lo,0.00,0.00,0.00,0,0,0.00,0.00,0.00,0,0,0.00,0.00,0,0
1535205304,s3-eth2,66198.00,6001632.00,6067830.00,6001632,66198,1003.00,1092.00,2095.00,1092,1003,0.00,0.00,0,0
1535205304,s1-eth1,6001632.00,66198.00,6067830.00,66198,6001632,1092.00,1003.00,2095.00,1003,1092,0.00,0.00,0,0
1535205304,s2-eth2,66198.00,6001632.00,6067830.00,6001632,66198,1003.00,1092.00,2095.00,1092,1003,0.00,0.00,0,0
1535205304,eth1,0.00,0.00,0.00,0,0,0.00,0.00,0.00,0,0,0.00,0.00,0,0
1535205304,eth0,90.00,0.00,90.00,0,90,1.00,0.00,1.00,0,1,0.00,0.00,0,0
1535205304,total,18203580.00,18203490.00,36407072.00,18203490,18203580,6286.00,6285.00,12571.00,6285,6286,0.00,0.00,0,0
1535205305,s3-eth1,5890536.00,70158.00,5960694.00,70158,5890536,1120.00,1063.00,2183.00,1063,1120,0.00,0.00,0,0
1535205305,s1-eth2,70158.00,5890536.00,5960694.00,5890536,70158,1063.00,1120.00,2183.00,1120,1063,0.00,0.00,0,0
1535205305,s2-eth1,5890536.00,70158.00,5960694.00,70158,5890536,1120.00,1063.00,2183.00,1063,1120,0.00,0.00,0,0
1535205305,lo,0.00,0.00,0.00,0,0,0.00,0.00,0.00,0,0,0.00,0.00,0,0
1535205305,s3-eth2,70158.00,5890536.00,5960694.00,5890536,70158,1063.00,1120.00,2183.00,1120,1063,0.00,0.00,0,0
1535205305,s1-eth1,5890536.00,70158.00,5960694.00,70158,5890536,1120.00,1063.00,2183.00,1063,1120,0.00,0.00,0,0
1535205305,s2-eth2,70158.00,5890536.00,5960694.00,5890536,70158,1063.00,1120.00,2183.00,1120,1063,0.00,0.00,0,0
1535205305,eth1,0.00,200.00,200.00,200,0,0.00,1.00,1.00,1,0,0.00,0.00,0,0
1535205305,eth0,3505.00,12142.00,15647.00,12142,3505,25.00,22.00,47.00,22,25,0.00,0.00,0,0
1535205305,total,17885588.00,17894424.00,35780012.00,17894424,17885587,6574.00,6572.00,13146.00,6572,6574,0.00,0.00,0,0
1535205306,s3-eth1,5910734.00,65010.00,5975744.00,65010,5910734,1075.00,985.00,2060.00,985,1075,0.00,0.00,0,0
1535205306,s1-eth2,65010.00,5910734.00,5975744.00,5910734,65010,985.00,1075.00,2060.00,1075,985,0.00,0.00,0,0
1535205306,s2-eth1,5910734.00,65010.00,5975744.00,65010,5910734,1075.00,985.00,2060.00,985,1075,0.00,0.00,0,0
1535205306,lo,0.00,0.00,0.00,0,0,0.00,0.00,0.00,0,0,0.00,0.00,0,0
1535205306,s3-eth2,65010.00,5910734.00,5975744.00,5910734,65010,985.00,1075.00,2060.00,1075,985,0.00,0.00,0,0
1535205306,s1-eth1,5910734.00,65076.00,5975810.00,65076,5910734,1075.00,986.00,2061.00,986,1075,0.00,0.00,0,0
1535205306,s2-eth2,65010.00,5910734.00,5975744.00,5910734,65010,985.00,1075.00,2060.00,1075,985,0.00,0.00,0,0
1535205306,eth1,0.00,0.00,0.00,0,0,0.00,0.00,0.00,0,0,0.00,0.00,0,0
1535205306,eth0,13096.00,32853.00,45949.00,32853,13096,68.00,71.00,139.00,71,68,0.00,0.00,0,0
1535205306,total,17940328.00,17960152.00,35900480.00,17960151,17940328,6248.00,6252.00,12500.00,6252,6248,0.00,0.00,0,0
1535205307,s3-eth1,5995774.00,66066.00,6061840.00,66066,5995774,1091.00,1001.00,2092.00,1001,1091,0.00,0.00,0,0
1535205307,s1-eth2,66066.00,5995774.00,6061840.00,5995774,66066,1001.00,1091.00,2092.00,1091,1001,0.00,0.00,0,0
1535205307,s2-eth1,5995774.00,66066.00,6061840.00,66066,5995774,1091.00,1001.00,2092.00,1001,1091,0.00,0.00,0,0
1535205307,lo,0.00,0.00,0.00,0,0,0.00,0.00,0.00,0,0,0.00,0.00,0,0
1535205307,s3-eth2,66066.00,5995774.00,6061840.00,5995774,66066,1001.00,1091.00,2092.00,1091,1001,0.00,0.00,0,0
1535205307,s1-eth1,5995774.00,66000.00,6061774.00,66000,5995774,1091.00,1000.00,2091.00,1000,1091,0.00,0.00,0,0
1535205307,s2-eth2,66066.00,5995774.00,6061840.00,5995774,66066,1001.00,1091.00,2092.00,1091,1001,0.00,0.00,0,0
1535205307,eth1,0.00,0.00,0.00,0,0,0.00,0.00,0.00,0,0,0.00,0.00,0,0
1535205307,eth0,0.00,0.00,0.00,0,0,0.00,0.00,0.00,0,0,0.00,0.00,0,0
1535205307,total,18185520.00,18185454.00,36370976.00,18185454,18185520,6276.00,6275.00,12551.00,6275,6276,0.00,0.00,0,0
1535205308,s3-eth1,5989916.00,65934.00,6055850.00,65934,5989916,1090.00,999.00,2089.00,999,1090,0.00,0.00,0,0
1535205308,s1-eth2,65934.00,5989916.00,6055850.00,5989916,65934,999.00,1090.00,2089.00,1090,999,0.00,0.00,0,0
1535205308,s2-eth1,5989916.00,65934.00,6055850.00,65934,5989916,1090.00,999.00,2089.00,999,1090,0.00,0.00,0,0
1535205308,lo,516.00,516.00,1032.00,516,516,9.00,9.00,18.00,9,9,0.00,0.00,0,0
1535205308,s3-eth2,65934.00,5989916.00,6055850.00,5989916,65934,999.00,1090.00,2089.00,1090,999,0.00,0.00,0,0
1535205308,s1-eth1,5989916.00,65868.00,6055784.00,65868,5989916,1090.00,998.00,2088.00,998,1090,0.00,0.00,0,0
1535205308,s2-eth2,65934.00,5989916.00,6055850.00,5989916,65934,999.00,1090.00,2089.00,1090,999,0.00,0.00,0,0
1535205308,eth1,0.00,0.00,0.00,0,0,0.00,0.00,0.00,0,0,0.00,0.00,0,0
1535205308,eth0,90.00,0.00,90.00,0,90,1.00,0.00,1.00,0,1,0.00,0.00,0,0
1535205308,total,18168156.00,18168000.00,36336156.00,18168000,18168156,6277.00,6275.00,12552.00,6275,6277,0.00,0.00,0,0
1535205309,s3-eth1,5995816.00,66042.00,6061858.00,66042,5995816,1092.00,1001.00,2093.00,1001,1092,0.00,0.00,0,0
1535205309,s1-eth2,66042.00,5995816.00,6061858.00,5995816,66042,1001.00,1092.00,2093.00,1092,1001,0.00,0.00,0,0
1535205309,s2-eth1,5995816.00,66042.00,6061858.00,66042,5995816,1092.00,1001.00,2093.00,1001,1092,0.00,0.00,0,0
1535205309,lo,888.00,888.00,1776.00,888,888,9.00,9.00,18.00,9,9,0.00,0.00,0,0
1535205309,s3-eth2,66042.00,5995816.00,6061858.00,5995816,66042,1001.00,1092.00,2093.00,1092,1001,0.00,0.00,0,0
1535205309,s1-eth1,5995816.00,66108.00,6061924.00,66108,5995816,1092.00,1002.00,2094.00,1002,1092,0.00,0.00,0,0
1535205309,s2-eth2,66042.00,5995816.00,6061858.00,5995816,66042,1001.00,1092.00,2093.00,1092,1001,0.00,0.00,0,0
1535205309,eth1,0.00,0.00,0.00,0,0,0.00,0.00,0.00,0,0,0.00,0.00,0,0
1535205309,eth0,0.00,0.00,0.00,0,0,0.00,0.00,0.00,0,0,0.00,0.00,0,0
1535205309,total,18186462.00,18186528.00,36372992.00,18186528,18186462,6288.00,6289.00,12577.00,6289,6288,0.00,0.00,0,0
1535205310,s3-eth1,6007490.00,66132.00,6073622.00,66132,6007490,1093.00,1002.00,2095.00,1002,1093,0.00,0.00,0,0
1535205310,s1-eth2,66132.00,6007490.00,6073622.00,6007490,66132,1002.00,1093.00,2095.00,1093,1002,0.00,0.00,0,0
1535205310,s2-eth1,6007490.00,66132.00,6073622.00,66132,6007490,1093.00,1002.00,2095.00,1002,1093,0.00,0.00,0,0
1535205310,lo,0.00,0.00,0.00,0,0,0.00,0.00,0.00,0,0,0.00,0.00,0,0
1535205310,s3-eth2,66132.00,6007490.00,6073622.00,6007490,66132,1002.00,1093.00,2095.00,1093,1002,0.00,0.00,0,0
1535205310,s1-eth1,6007490.00,66132.00,6073622.00,66132,6007490,1093.00,1002.00,2095.00,1002,1093,0.00,0.00,0,0
1535205310,s2-eth2,66132.00,6007490.00,6073622.00,6007490,66132,1002.00,1093.00,2095.00,1093,1002,0.00,0.00,0,0
1535205310,eth1,0.00,0.00,0.00,0,0,0.00,0.00,0.00,0,0,0.00,0.00,0,0
1535205310,eth0,0.00,0.00,0.00,0,0,0.00,0.00,0.00,0,0,0.00,0.00,0,0
1535205310,total,18220866.00,18220866.00,36441732.00,18220866,18220866,6285.00,6285.00,12570.00,6285,6285,0.00,0.00,0,0
1535205311,s3-eth1,5989916.00,65934.00,6055850.00,65934,5989916,1090.00,999.00,2089.00,999,1090,0.00,0.00,0,0
1535205311,s1-eth2,65934.00,5989916.00,6055850.00,5989916,65934,999.00,1090.00,2089.00,1090,999,0.00,0.00,0,0
1535205311,s2-eth1,5989916.00,65934.00,6055850.00,65934,5989916,1090.00,999.00,2089.00,999,1090,0.00,0.00,0,0
1535205311,lo,0.00,0.00,0.00,0,0,0.00,0.00,0.00,0,0,0.00,0.00,0,0
1535205311,s3-eth2,65934.00,5989916.00,6055850.00,5989916,65934,999.00,1090.00,2089.00,1090,999,0.00,0.00,0,0
1535205311,s1-eth1,5989916.00,65934.00,6055850.00,65934,5989916,1090.00,999.00,2089.00,999,1090,0.00,0.00,0,0
1535205311,s2-eth2,65934.00,5989916.00,6055850.00,5989916,65934,999.00,1090.00,2089.00,1090,999,0.00,0.00,0,0
1535205311,eth1,0.00,0.00,0.00,0,0,0.00,0.00,0.00,0,0,0.00,0.00,0,0
1535205311,eth0,0.00,0.00,0.00,0,0,0.00,0.00,0.00,0,0,0.00,0.00,0,0
1535205311,total,18167550.00,18167550.00,36335100.00,18167550,18167550,6267.00,6267.00,12534.00,6267,6267,0.00,0.00,0,0
1535205312,s3-eth1,5995774.00,66000.00,6061774.00,66000,5995774,1091.00,1000.00,2091.00,1000,1091,0.00,0.00,0,0
1535205312,s1-eth2,66000.00,5995774.00,6061774.00,5995774,66000,1000.00,1091.00,2091.00,1091,1000,0.00,0.00,0,0
1535205312,s2-eth1,5995774.00,66000.00,6061774.00,66000,5995774,1091.00,1000.00,2091.00,1000,1091,0.00,0.00,0,0
1535205312,lo,0.00,0.00,0.00,0,0,0.00,0.00,0.00,0,0,0.00,0.00,0,0
1535205312,s3-eth2,66000.00,5995774.00,6061774.00,5995774,66000,1000.00,1091.00,2091.00,1091,1000,0.00,0.00,0,0
1535205312,s1-eth1,5995774.00,66000.00,6061774.00,66000,5995774,1091.00,1000.00,2091.00,1000,1091,0.00,0.00,0,0
1535205312,s2-eth2,66000.00,5995774.00,6061774.00,5995774,66000,1000.00,1091.00,2091.00,1091,1000,0.00,0.00,0,0
1535205312,eth1,0.00,0.00,0.00,0,0,0.00,0.00,0.00,0,0,0.00,0.00,0,0
1535205312,eth0,0.00,0.00,0.00,0,0,0.00,0.00,0.00,0,0,0.00,0.00,0,0
1535205312,total,18185322.00,18185322.00,36370644.00,18185322,18185322,6273.00,6273.00,12546.00,6273,6273,0.00,0.00,0,0
1535205313,s3-eth1,6016648.00,71412.00,6088060.00,71412,6016648,1144.00,1082.00,2226.00,1082,1144,0.00,0.00,0,0
1535205313,s1-eth2,71478.00,6016648.00,6088126.00,6016648,71478,1083.00,1144.00,2227.00,1144,1083,0.00,0.00,0,0
1535205313,s2-eth1,6016648.00,71478.00,6088126.00,71478,6016648,1144.00,1083.00,2227.00,1083,1144,0.00,0.00,0,0
1535205313,lo,0.00,0.00,0.00,0,0,0.00,0.00,0.00,0,0,0.00,0.00,0,0
1535205313,s3-eth2,71412.00,6016648.00,6088060.00,6016648,71412,1082.00,1144.00,2226.00,1144,1082,0.00,0.00,0,0
1535205313,s1-eth1,6016648.00,71478.00,6088126.00,71478,6016648,1144.00,1083.00,2227.00,1083,1144,0.00,0.00,0,0
1535205313,s2-eth2,71412.00,6016648.00,6088060.00,6016648,71412,1082.00,1144.00,2226.00,1144,1082,0.00,0.00,0,0
1535205313,eth1,0.00,0.00,0.00,0,0,0.00,0.00,0.00,0,0,0.00,0.00,0,0
1535205313,eth0,0.00,0.00,0.00,0,0,0.00,0.00,0.00,0,0,0.00,0.00,0,0
1535205313,total,18264246.00,18264312.00,36528560.00,18264312,18264246,6679.00,6680.00,13359.00,6680,6679,0.00,0.00,0,0
1535205314,s3-eth1,5989916.00,66000.00,6055916.00,66000,5989916,1090.00,1000.00,2090.00,1000,1090,0.00,0.00,0,0
1535205314,s1-eth2,65934.00,5989916.00,6055850.00,5989916,65934,999.00,1090.00,2089.00,1090,999,0.00,0.00,0,0
1535205314,s2-eth1,5989916.00,65934.00,6055850.00,65934,5989916,1090.00,999.00,2089.00,999,1090,0.00,0.00,0,0
1535205314,lo,516.00,516.00,1032.00,516,516,9.00,9.00,18.00,9,9,0.00,0.00,0,0
1535205314,s3-eth2,66000.00,5989916.00,6055916.00,5989916,66000,1000.00,1090.00,2090.00,1090,1000,0.00,0.00,0,0
1535205314,s1-eth1,5989916.00,65934.00,6055850.00,65934,5989916,1090.00,999.00,2089.00,999,1090,0.00,0.00,0,0
1535205314,s2-eth2,66000.00,5989916.00,6055916.00,5989916,66000,1000.00,1090.00,2090.00,1090,1000,0.00,0.00,0,0
1535205314,eth1,0.00,0.00,0.00,0,0,0.00,0.00,0.00,0,0,0.00,0.00,0,0
1535205314,eth0,0.00,0.00,0.00,0,0,0.00,0.00,0.00,0,0,0.00,0.00,0,0
1535205314,total,18168198.00,18168132.00,36336328.00,18168132,18168198,6278.00,6277.00,12555.00,6277,6278,0.00,0.00,0,0
1535205315,s3-eth1,6013348.00,66132.00,6079480.00,66132,6013348,1094.00,1002.00,2096.00,1002,1094,0.00,0.00,0,0
1535205315,s1-eth2,66198.00,6013348.00,6079546.00,6013348,66198,1003.00,1094.00,2097.00,1094,1003,0.00,0.00,0,0
1535205315,s2-eth1,6013348.00,66198.00,6079546.00,66198,6013348,1094.00,1003.00,2097.00,1003,1094,0.00,0.00,0,0
1535205315,lo,0.00,0.00,0.00,0,0,0.00,0.00,0.00,0,0,0.00,0.00,0,0
1535205315,s3-eth2,66132.00,6013348.00,6079480.00,6013348,66132,1002.00,1094.00,2096.00,1094,1002,0.00,0.00,0,0
1535205315,s1-eth1,6013348.00,66198.00,6079546.00,66198,6013348,1094.00,1003.00,2097.00,1003,1094,0.00,0.00,0,0
1535205315,s2-eth2,66132.00,6013348.00,6079480.00,6013348,66132,1002.00,1094.00,2096.00,1094,1002,0.00,0.00,0,0
1535205315,eth1,0.00,0.00,0.00,0,0,0.00,0.00,0.00,0,0,0.00,0.00,0,0
1535205315,eth0,120.00,120.00,240.00,120,120,2.00,2.00,4.00,2,2,0.00,0.00,0,0
1535205315,total,18238626.00,18238692.00,36477320.00,18238692,18238626,6291.00,6292.00,12583.00,6292,6291,0.00,0.00,0,0
1535205316,s3-eth1,6007490.00,66132.00,6073622.00,66132,6007490,1093.00,1002.00,2095.00,1002,1093,0.00,0.00,0,0
1535205316,s1-eth2,66132.00,6007490.00,6073622.00,6007490,66132,1002.00,1093.00,2095.00,1093,1002,0.00,0.00,0,0
1535205316,s2-eth1,6007490.00,66132.00,6073622.00,66132,6007490,1093.00,1002.00,2095.00,1002,1093,0.00,0.00,0,0
1535205316,lo,0.00,0.00,0.00,0,0,0.00,0.00,0.00,0,0,0.00,0.00,0,0
1535205316,s3-eth2,66132.00,6007490.00,6073622.00,6007490,66132,1002.00,1093.00,2095.00,1093,1002,0.00,0.00,0,0
1535205316,s1-eth1,6007490.00,66066.00,6073556.00,66066,6007490,1093.00,1001.00,2094.00,1001,1093,0.00,0.00,0,0
1535205316,s2-eth2,66198.00,6007490.00,6073688.00,6007490,66198,1003.00,1093.00,2096.00,1093,1003,0.00,0.00,0,0
1535205316,eth1,0.00,0.00,0.00,0,0,0.00,0.00,0.00,0,0,0.00,0.00,0,0
1535205316,eth0,420.00,420.00,840.00,420,420,7.00,7.00,14.00,7,7,0.00,0.00,0,0
1535205316,total,18221352.00,18221220.00,36442572.00,18221220,18221352,6293.00,6291.00,12584.00,6291,6293,0.00,0.00,0,0
1535205317,s3-eth1,5989916.00,65934.00,6055850.00,65934,5989916,1090.00,999.00,2089.00,999,1090,0.00,0.00,0,0
1535205317,s1-eth2,65868.00,5989916.00,6055784.00,5989916,65868,998.00,1090.00,2088.00,1090,998,0.00,0.00,0,0
1535205317,s2-eth1,5989916.00,65868.00,6055784.00,65868,5989916,1090.00,998.00,2088.00,998,1090,0.00,0.00,0,0
1535205317,lo,0.00,0.00,0.00,0,0,0.00,0.00,0.00,0,0,0.00,0.00,0,0
1535205317,s3-eth2,65868.00,5989916.00,6055784.00,5989916,65868,998.00,1090.00,2088.00,1090,998,0.00,0.00,0,0
1535205317,s1-eth1,5989916.00,65934.00,6055850.00,65934,5989916,1090.00,999.00,2089.00,999,1090,0.00,0.00,0,0
1535205317,s2-eth2,65868.00,5989916.00,6055784.00,5989916,65868,998.00,1090.00,2088.00,1090,998,0.00,0.00,0,0
1535205317,eth1,0.00,0.00,0.00,0,0,0.00,0.00,0.00,0,0,0.00,0.00,0,0
1535205317,eth0,0.00,0.00,0.00,0,0,0.00,0.00,0.00,0,0,0.00,0.00,0,0
1535205317,total,18167352.00,18167484.00,36334836.00,18167484,18167352,6264.00,6266.00,12530.00,6266,6264,0.00,0.00,0,0
1535205318,s3-eth1,6007490.00,66198.00,6073688.00,66198,6007490,1093.00,1003.00,2096.00,1003,1093,0.00,0.00,0,0
1535205318,s1-eth2,66198.00,6007490.00,6073688.00,6007490,66198,1003.00,1093.00,2096.00,1093,1003,0.00,0.00,0,0
1535205318,s2-eth1,6007490.00,66198.00,6073688.00,66198,6007490,1093.00,1003.00,2096.00,1003,1093,0.00,0.00,0,0
1535205318,lo,0.00,0.00,0.00,0,0,0.00,0.00,0.00,0,0,0.00,0.00,0,0
1535205318,s3-eth2,66264.00,6007490.00,6073754.00,6007490,66264,1004.00,1093.00,2097.00,1093,1004,0.00,0.00,0,0
1535205318,s1-eth1,6007490.00,66198.00,6073688.00,66198,6007490,1093.00,1003.00,2096.00,1003,1093,0.00,0.00,0,0
1535205318,s2-eth2,66198.00,6007490.00,6073688.00,6007490,66198,1003.00,1093.00,2096.00,1093,1003,0.00,0.00,0,0
1535205318,eth1,0.00,0.00,0.00,0,0,0.00,0.00,0.00,0,0,0.00,0.00,0,0
1535205318,eth0,0.00,0.00,0.00,0,0,0.00,0.00,0.00,0,0,0.00,0.00,0,0
1535205318,total,18221130.00,18221064.00,36442192.00,18221064,18221130,6289.00,6288.00,12577.00,6288,6289,0.00,0.00,0,0
1535205319,s3-eth1,6013348.00,66198.00,6079546.00,66198,6013348,1094.00,1003.00,2097.00,1003,1094,0.00,0.00,0,0
1535205319,s1-eth2,66198.00,6013348.00,6079546.00,6013348,66198,1003.00,1094.00,2097.00,1094,1003,0.00,0.00,0,0
1535205319,s2-eth1,6013348.00,66198.00,6079546.00,66198,6013348,1094.00,1003.00,2097.00,1003,1094,0.00,0.00,0,0
1535205319,lo,516.00,516.00,1032.00,516,516,9.00,9.00,18.00,9,9,0.00,0.00,0,0
1535205319,s3-eth2,66132.00,6013348.00,6079480.00,6013348,66132,1002.00,1094.00,2096.00,1094,1002,0.00,0.00,0,0
1535205319,s1-eth1,6013348.00,66198.00,6079546.00,66198,6013348,1094.00,1003.00,2097.00,1003,1094,0.00,0.00,0,0
1535205319,s2-eth2,66198.00,6013348.00,6079546.00,6013348,66198,1003.00,1094.00,2097.00,1094,1003,0.00,0.00,0,0
1535205319,eth1,0.00,0.00,0.00,0,0,0.00,0.00,0.00,0,0,0.00,0.00,0,0
1535205319,eth0,0.00,0.00,0.00,0,0,0.00,0.00,0.00,0,0,0.00,0.00,0,0
1535205319,total,18239088.00,18239154.00,36478240.00,18239154,18239088,6299.00,6300.00,12599.00,6300,6299,0.00,0.00,0,0
1535205320,s3-eth1,6014862.00,66198.00,6081060.00,66198,6014862,1095.00,1003.00,2098.00,1003,1095,0.00,0.00,0,0
1535205320,s1-eth2,66198.00,6014862.00,6081060.00,6014862,66198,1003.00,1095.00,2098.00,1095,1003,0.00,0.00,0,0
1535205320,s2-eth1,6014862.00,66198.00,6081060.00,66198,6014862,1095.00,1003.00,2098.00,1003,1095,0.00,0.00,0,0
1535205320,lo,0.00,0.00,0.00,0,0,0.00,0.00,0.00,0,0,0.00,0.00,0,0
1535205320,s3-eth2,66264.00,6020720.00,6086984.00,6020720,66264,1004.00,1096.00,2100.00,1096,1004,0.00,0.00,0,0
1535205320,s1-eth1,6014862.00,66198.00,6081060.00,66198,6014862,1095.00,1003.00,2098.00,1003,1095,0.00,0.00,0,0
1535205320,s2-eth2,66198.00,6020720.00,6086918.00,6020720,66198,1003.00,1096.00,2099.00,1096,1003,0.00,0.00,0,0
1535205320,eth1,0.00,0.00,0.00,0,0,0.00,0.00,0.00,0,0,0.00,0.00,0,0
1535205320,eth0,0.00,0.00,0.00,0,0,0.00,0.00,0.00,0,0,0.00,0.00,0,0
1535205320,total,18243246.00,18254896.00,36498144.00,18254896,18243246,6295.00,6296.00,12591.00,6296,6295,0.00,0.00,0,0
1535205321,s3-eth1,5997560.00,71676.00,6069236.00,71676,5997560,1140.00,1086.00,2226.00,1086,1140,0.00,0.00,0,0
1535205321,s1-eth2,71742.00,6003418.00,6075160.00,6003418,71742,1087.00,1141.00,2228.00,1141,1087,0.00,0.00,0,0
1535205321,s2-eth1,6003418.00,71742.00,6075160.00,71742,6003418,1141.00,1087.00,2228.00,1087,1141,0.00,0.00,0,0
1535205321,lo,0.00,0.00,0.00,0,0,0.00,0.00,0.00,0,0,0.00,0.00,0,0
1535205321,s3-eth2,71676.00,5997560.00,6069236.00,5997560,71676,1086.00,1140.00,2226.00,1140,1086,0.00,0.00,0,0
1535205321,s1-eth1,6003418.00,71742.00,6075160.00,71742,6003418,1141.00,1087.00,2228.00,1087,1141,0.00,0.00,0,0
1535205321,s2-eth2,71742.00,5991702.00,6063444.00,5991702,71742,1087.00,1139.00,2226.00,1139,1087,0.00,0.00,0,0
1535205321,eth1,0.00,0.00,0.00,0,0,0.00,0.00,0.00,0,0,0.00,0.00,0,0
1535205321,eth0,0.00,0.00,0.00,0,0,0.00,0.00,0.00,0,0,0.00,0.00,0,0
1535205321,total,18219556.00,18207840.00,36427396.00,18207840,18219556,6682.00,6680.00,13362.00,6680,6682,0.00,0.00,0,0
1535205322,s3-eth1,5984058.00,65934.00,6049992.00,65934,5984058,1089.00,999.00,2088.00,999,1089,0.00,0.00,0,0
1535205322,s1-eth2,65868.00,5984058.00,6049926.00,5984058,65868,998.00,1089.00,2087.00,1089,998,0.00,0.00,0,0
1535205322,s2-eth1,5984058.00,65868.00,6049926.00,65868,5984058,1089.00,998.00,2087.00,998,1089,0.00,0.00,0,0
1535205322,lo,0.00,0.00,0.00,0,0,0.00,0.00,0.00,0,0,0.00,0.00,0,0
1535205322,s3-eth2,65868.00,5984058.00,6049926.00,5984058,65868,998.00,1089.00,2087.00,1089,998,0.00,0.00,0,0
1535205322,s1-eth1,5984058.00,65868.00,6049926.00,65868,5984058,1089.00,998.00,2087.00,998,1089,0.00,0.00,0,0
1535205322,s2-eth2,65868.00,5984058.00,6049926.00,5984058,65868,998.00,1089.00,2087.00,1089,998,0.00,0.00,0,0
1535205322,eth1,0.00,0.00,0.00,0,0,0.00,0.00,0.00,0,0,0.00,0.00,0,0
1535205322,eth0,0.00,0.00,0.00,0,0,0.00,0.00,0.00,0,0,0.00,0.00,0,0
1535205322,total,18149778.00,18149844.00,36299624.00,18149844,18149778,6261.00,6262.00,12523.00,6262,6261,0.00,0.00,0,0
1535205323,s3-eth1,6019206.00,66198.00,6085404.00,66198,6019206,1095.00,1003.00,2098.00,1003,1095,0.00,0.00,0,0
1535205323,s1-eth2,66198.00,6019206.00,6085404.00,6019206,66198,1003.00,1095.00,2098.00,1095,1003,0.00,0.00,0,0
1535205323,s2-eth1,6019206.00,66198.00,6085404.00,66198,6019206,1095.00,1003.00,2098.00,1003,1095,0.00,0.00,0,0
1535205323,lo,0.00,0.00,0.00,0,0,0.00,0.00,0.00,0,0,0.00,0.00,0,0
1535205323,s3-eth2,66264.00,6019206.00,6085470.00,6019206,66264,1004.00,1095.00,2099.00,1095,1004,0.00,0.00,0,0
1535205323,s1-eth1,6019206.00,66264.00,6085470.00,66264,6019206,1095.00,1004.00,2099.00,1004,1095,0.00,0.00,0,0
1535205323,s2-eth2,66198.00,6019206.00,6085404.00,6019206,66198,1003.00,1095.00,2098.00,1095,1003,0.00,0.00,0,0
1535205323,eth1,0.00,0.00,0.00,0,0,0.00,0.00,0.00,0,0,0.00,0.00,0,0
1535205323,eth0,0.00,0.00,0.00,0,0,0.00,0.00,0.00,0,0,0.00,0.00,0,0
1535205323,total,18256278.00,18256278.00,36512556.00,18256278,18256278,6295.00,6295.00,12590.00,6295,6295,0.00,0.00,0,0
1535205324,s3-eth1,6001632.00,66000.00,6067632.00,66000,6001632,1092.00,1000.00,2092.00,1000,1092,0.00,0.00,0,0
1535205324,s1-eth2,66000.00,5995774.00,6061774.00,5995774,66000,1000.00,1091.00,2091.00,1091,1000,0.00,0.00,0,0
1535205324,s2-eth1,5995774.00,66000.00,6061774.00,66000,5995774,1091.00,1000.00,2091.00,1000,1091,0.00,0.00,0,0
1535205324,lo,516.00,516.00,1032.00,516,516,9.00,9.00,18.00,9,9,0.00,0.00,0,0
1535205324,s3-eth2,65934.00,6001632.00,6067566.00,6001632,65934,999.00,1092.00,2091.00,1092,999,0.00,0.00,0,0
1535205324,s1-eth1,5995774.00,65934.00,6061708.00,65934,5995774,1091.00,999.00,2090.00,999,1091,0.00,0.00,0,0
1535205324,s2-eth2,66000.00,6001632.00,6067632.00,6001632,66000,1000.00,1092.00,2092.00,1092,1000,0.00,0.00,0,0
1535205324,eth1,0.00,0.00,0.00,0,0,0.00,0.00,0.00,0,0,0.00,0.00,0,0
1535205324,eth0,0.00,0.00,0.00,0,0,0.00,0.00,0.00,0,0,0.00,0.00,0,0
1535205324,total,18191630.00,18197488.00,36389120.00,18197488,18191630,6282.00,6283.00,12565.00,6283,6282,0.00,0.00,0,0
1535205325,s3-eth1,6020720.00,66330.00,6087050.00,66330,6020720,1096.00,1005.00,2101.00,1005,1096,0.00,0.00,0,0
1535205325,s1-eth2,66330.00,6020720.00,6087050.00,6020720,66330,1005.00,1096.00,2101.00,1096,1005,0.00,0.00,0,0
1535205325,s2-eth1,6020720.00,66330.00,6087050.00,66330,6020720,1096.00,1005.00,2101.00,1005,1096,0.00,0.00,0,0
1535205325,lo,0.00,0.00,0.00,0,0,0.00,0.00,0.00,0,0,0.00,0.00,0,0
1535205325,s3-eth2,66396.00,6020720.00,6087116.00,6020720,66396,1006.00,1096.00,2102.00,1096,1006,0.00,0.00,0,0
1535205325,s1-eth1,6020720.00,66330.00,6087050.00,66330,6020720,1096.00,1005.00,2101.00,1005,1096,0.00,0.00,0,0
1535205325,s2-eth2,66330.00,6020720.00,6087050.00,6020720,66330,1005.00,1096.00,2101.00,1096,1005,0.00,0.00,0,0
1535205325,eth1,0.00,0.00,0.00,0,0,0.00,0.00,0.00,0,0,0.00,0.00,0,0
1535205325,eth0,120.00,120.00,240.00,120,120,2.00,2.00,4.00,2,2,0.00,0.00,0,0
1535205325,total,18261336.00,18261270.00,36522608.00,18261270,18261336,6306.00,6305.00,12611.00,6305,6306,0.00,0.00,0,0
1535205326,s3-eth1,6013348.00,66132.00,6079480.00,66132,6013348,1094.00,1002.00,2096.00,1002,1094,0.00,0.00,0,0
1535205326,s1-eth2,66132.00,6013348.00,6079480.00,6013348,66132,1002.00,1094.00,2096.00,1094,1002,0.00,0.00,0,0
1535205326,s2-eth1,6013348.00,66132.00,6079480.00,66132,6013348,1094.00,1002.00,2096.00,1002,1094,0.00,0.00,0,0
1535205326,lo,0.00,0.00,0.00,0,0,0.00,0.00,0.00,0,0,0.00,0.00,0,0
1535205326,s3-eth2,66066.00,6013348.00,6079414.00,6013348,66066,1001.00,1094.00,2095.00,1094,1001,0.00,0.00,0,0
1535205326,s1-eth1,6013348.00,66132.00,6079480.00,66132,6013348,1094.00,1002.00,2096.00,1002,1094,0.00,0.00,0,0
1535205326,s2-eth2,66132.00,6013348.00,6079480.00,6013348,66132,1002.00,1094.00,2096.00,1094,1002,0.00,0.00,0,0
1535205326,eth1,0.00,0.00,0.00,0,0,0.00,0.00,0.00,0,0,0.00,0.00,0,0
1535205326,eth0,420.00,420.00,840.00,420,420,7.00,7.00,14.00,7,7,0.00,0.00,0,0
1535205326,total,18238794.00,18238860.00,36477656.00,18238860,18238794,6294.00,6295.00,12589.00,6295,6294,0.00,0.00,0,0
1535205327,s3-eth1,6007490.00,66132.00,6073622.00,66132,6007490,1093.00,1002.00,2095.00,1002,1093,0.00,0.00,0,0
1535205327,s1-eth2,66198.00,6007490.00,6073688.00,6007490,66198,1003.00,1093.00,2096.00,1093,1003,0.00,0.00,0,0
1535205327,s2-eth1,6007490.00,66198.00,6073688.00,66198,6007490,1093.00,1003.00,2096.00,1003,1093,0.00,0.00,0,0
1535205327,lo,0.00,0.00,0.00,0,0,0.00,0.00,0.00,0,0,0.00,0.00,0,0
1535205327,s3-eth2,66198.00,6007490.00,6073688.00,6007490,66198,1003.00,1093.00,2096.00,1093,1003,0.00,0.00,0,0
1535205327,s1-eth1,6007490.00,66198.00,6073688.00,66198,6007490,1093.00,1003.00,2096.00,1003,1093,0.00,0.00,0,0
1535205327,s2-eth2,66132.00,6007490.00,6073622.00,6007490,66132,1002.00,1093.00,2095.00,1093,1002,0.00,0.00,0,0
1535205327,eth1,0.00,0.00,0.00,0,0,0.00,0.00,0.00,0,0,0.00,0.00,0,0
1535205327,eth0,0.00,0.00,0.00,0,0,0.00,0.00,0.00,0,0,0.00,0.00,0,0
1535205327,total,18220998.00,18220998.00,36441996.00,18220998,18220998,6287.00,6287.00,12574.00,6287,6287,0.00,0.00,0,0
1535205328,s3-eth1,6030922.00,66462.00,6097384.00,66462,6030922,1097.00,1007.00,2104.00,1007,1097,0.00,0.00,0,0
1535205328,s1-eth2,66396.00,6030922.00,6097318.00,6030922,66396,1006.00,1097.00,2103.00,1097,1006,0.00,0.00,0,0
1535205328,s2-eth1,6030922.00,66396.00,6097318.00,66396,6030922,1097.00,1006.00,2103.00,1006,1097,0.00,0.00,0,0
1535205328,lo,0.00,0.00,0.00,0,0,0.00,0.00,0.00,0,0,0.00,0.00,0,0
1535205328,s3-eth2,66462.00,6030922.00,6097384.00,6030922,66462,1007.00,1097.00,2104.00,1097,1007,0.00,0.00,0,0
1535205328,s1-eth1,6030922.00,66396.00,6097318.00,66396,6030922,1097.00,1006.00,2103.00,1006,1097,0.00,0.00,0,0
1535205328,s2-eth2,66462.00,6030922.00,6097384.00,6030922,66462,1007.00,1097.00,2104.00,1097,1007,0.00,0.00,0,0
1535205328,eth1,0.00,0.00,0.00,0,0,0.00,0.00,0.00,0,0,0.00,0.00,0,0
1535205328,eth0,0.00,0.00,0.00,0,0,0.00,0.00,0.00,0,0,0.00,0.00,0,0
1535205328,total,18292086.00,18292020.00,36584104.00,18292020,18292086,6311.00,6310.00,12621.00,6310,6311,0.00,0.00,0,0
1535205329,s3-eth1,5995774.00,66000.00,6061774.00,66000,5995774,1091.00,1000.00,2091.00,1000,1091,0.00,0.00,0,0
1535205329,s1-eth2,66066.00,5995774.00,6061840.00,5995774,66066,1001.00,1091.00,2092.00,1091,1001,0.00,0.00,0,0
1535205329,s2-eth1,5995774.00,66066.00,6061840.00,66066,5995774,1091.00,1001.00,2092.00,1001,1091,0.00,0.00,0,0
1535205329,lo,516.00,516.00,1032.00,516,516,9.00,9.00,18.00,9,9,0.00,0.00,0,0
1535205329,s3-eth2,66000.00,5995774.00,6061774.00,5995774,66000,1000.00,1091.00,2091.00,1091,1000,0.00,0.00,0,0
1535205329,s1-eth1,5995774.00,66066.00,6061840.00,66066,5995774,1091.00,1001.00,2092.00,1001,1091,0.00,0.00,0,0
1535205329,s2-eth2,66000.00,5995774.00,6061774.00,5995774,66000,1000.00,1091.00,2091.00,1091,1000,0.00,0.00,0,0
1535205329,eth1,0.00,0.00,0.00,0,0,0.00,0.00,0.00,0,0,0.00,0.00,0,0
1535205329,eth0,0.00,0.00,0.00,0,0,0.00,0.00,0.00,0,0,0.00,0.00,0,0
1535205329,total,18185904.00,18185970.00,36371872.00,18185970,18185904,6283.00,6284.00,12567.00,6284,6283,0.00,0.00,0,0
1535205330,s3-eth1,6020720.00,66264.00,6086984.00,66264,6020720,1096.00,1004.00,2100.00,1004,1096,0.00,0.00,0,0
1535205330,s1-eth2,66198.00,6020720.00,6086918.00,6020720,66198,1003.00,1096.00,2099.00,1096,1003,0.00,0.00,0,0
1535205330,s2-eth1,6020720.00,66198.00,6086918.00,66198,6020720,1096.00,1003.00,2099.00,1003,1096,0.00,0.00,0,0
1535205330,lo,0.00,0.00,0.00,0,0,0.00,0.00,0.00,0,0,0.00,0.00,0,0
1535205330,s3-eth2,66264.00,6020720.00,6086984.00,6020720,66264,1004.00,1096.00,2100.00,1096,1004,0.00,0.00,0,0
1535205330,s1-eth1,6020720.00,66198.00,6086918.00,66198,6020720,1096.00,1003.00,2099.00,1003,1096,0.00,0.00,0,0
1535205330,s2-eth2,66264.00,6020720.00,6086984.00,6020720,66264,1004.00,1096.00,2100.00,1096,1004,0.00,0.00,0,0
1535205330,eth1,0.00,0.00,0.00,0,0,0.00,0.00,0.00,0,0,0.00,0.00,0,0
1535205330,eth0,60.00,60.00,120.00,60,60,1.00,1.00,2.00,1,1,0.00,0.00,0,0
1535205330,total,18260946.00,18260880.00,36521824.00,18260880,18260946,6300.00,6299.00,12599.00,6299,6300,0.00,0.00,0,0
1535205331,s3-eth1,6019248.00,66306.00,6085554.00,66306,6019248,1096.00,1005.00,2101.00,1005,1096,0.00,0.00,0,0
1535205331,s1-eth2,66306.00,6019248.00,6085554.00,6019248,66306,1005.00,1096.00,2101.00,1096,1005,0.00,0.00,0,0
1535205331,s2-eth1,6019248.00,66306.00,6085554.00,66306,6019248,1096.00,1005.00,2101.00,1005,1096,0.00,0.00,0,0
1535205331,lo,0.00,0.00,0.00,0,0,0.00,0.00,0.00,0,0,0.00,0.00,0,0
1535205331,s3-eth2,66240.00,6019248.00,6085488.00,6019248,66240,1004.00,1096.00,2100.00,1096,1004,0.00,0.00,0,0
1535205331,s1-eth1,6019248.00,66306.00,6085554.00,66306,6019248,1096.00,1005.00,2101.00,1005,1096,0.00,0.00,0,0
1535205331,s2-eth2,66306.00,6019248.00,6085554.00,6019248,66306,1005.00,1096.00,2101.00,1096,1005,0.00,0.00,0,0
1535205331,eth1,0.00,0.00,0.00,0,0,0.00,0.00,0.00,0,0,0.00,0.00,0,0
1535205331,eth0,0.00,0.00,0.00,0,0,0.00,0.00,0.00,0,0,0.00,0.00,0,0
1535205331,total,18256596.00,18256662.00,36513256.00,18256662,18256596,6302.00,6303.00,12605.00,6303,6302,0.00,0.00,0,0
1535205332,s3-eth1,5989916.00,65934.00,6055850.00,65934,5989916,1090.00,999.00,2089.00,999,1090,0.00,0.00,0,0
1535205332,s1-eth2,65934.00,5989916.00,6055850.00,5989916,65934,999.00,1090.00,2089.00,1090,999,0.00,0.00,0,0
1535205332,s2-eth1,5989916.00,65934.00,6055850.00,65934,5989916,1090.00,999.00,2089.00,999,1090,0.00,0.00,0,0
1535205332,lo,0.00,0.00,0.00,0,0,0.00,0.00,0.00,0,0,0.00,0.00,0,0
1535205332,s3-eth2,66000.00,5989916.00,6055916.00,5989916,66000,1000.00,1090.00,2090.00,1090,1000,0.00,0.00,0,0
1535205332,s1-eth1,5989916.00,65934.00,6055850.00,65934,5989916,1090.00,999.00,2089.00,999,1090,0.00,0.00,0,0
1535205332,s2-eth2,65934.00,5989916.00,6055850.00,5989916,65934,999.00,1090.00,2089.00,1090,999,0.00,0.00,0,0
1535205332,eth1,0.00,0.00,0.00,0,0,0.00,0.00,0.00,0,0,0.00,0.00,0,0
1535205332,eth0,0.00,0.00,0.00,0,0,0.00,0.00,0.00,0,0,0.00,0.00,0,0
1535205332,total,18167616.00,18167550.00,36335168.00,18167550,18167616,6268.00,6267.00,12535.00,6267,6268,0.00,0.00,0,0
1535205333,s3-eth1,6001632.00,66066.00,6067698.00,66066,6001632,1092.00,1001.00,2093.00,1001,1092,0.00,0.00,0,0
1535205333,s1-eth2,66066.00,6001632.00,6067698.00,6001632,66066,1001.00,1092.00,2093.00,1092,1001,0.00,0.00,0,0
1535205333,s2-eth1,6001632.00,66066.00,6067698.00,66066,6001632,1092.00,1001.00,2093.00,1001,1092,0.00,0.00,0,0
1535205333,lo,0.00,0.00,0.00,0,0,0.00,0.00,0.00,0,0,0.00,0.00,0,0
1535205333,s3-eth2,66066.00,6001632.00,6067698.00,6001632,66066,1001.00,1092.00,2093.00,1092,1001,0.00,0.00,0,0
1535205333,s1-eth1,6001632.00,66132.00,6067764.00,66132,6001632,1092.00,1002.00,2094.00,1002,1092,0.00,0.00,0,0
1535205333,s2-eth2,66066.00,6001632.00,6067698.00,6001632,66066,1001.00,1092.00,2093.00,1092,1001,0.00,0.00,0,0
1535205333,eth1,0.00,0.00,0.00,0,0,0.00,0.00,0.00,0,0,0.00,0.00,0,0
1535205333,eth0,0.00,0.00,0.00,0,0,0.00,0.00,0.00,0,0,0.00,0.00,0,0
1535205333,total,18203094.00,18203160.00,36406256.00,18203160,18203094,6279.00,6280.00,12559.00,6280,6279,0.00,0.00,0,0
1535205334,s3-eth1,5995774.00,66198.00,6061972.00,66198,5995774,1091.00,1003.00,2094.00,1003,1091,0.00,0.00,0,0
1535205334,s1-eth2,66198.00,5995774.00,6061972.00,5995774,66198,1003.00,1091.00,2094.00,1091,1003,0.00,0.00,0,0
1535205334,s2-eth1,5995774.00,66198.00,6061972.00,66198,5995774,1091.00,1003.00,2094.00,1003,1091,0.00,0.00,0,0
1535205334,lo,516.00,516.00,1032.00,516,516,9.00,9.00,18.00,9,9,0.00,0.00,0,0
1535205334,s3-eth2,66198.00,5995774.00,6061972.00,5995774,66198,1003.00,1091.00,2094.00,1091,1003,0.00,0.00,0,0
1535205334,s1-eth1,5995774.00,66132.00,6061906.00,66132,5995774,1091.00,1002.00,2093.00,1002,1091,0.00,0.00,0,0
1535205334,s2-eth2,66198.00,6001632.00,6067830.00,6001632,66198,1003.00,1092.00,2095.00,1092,1003,0.00,0.00,0,0
1535205334,eth1,0.00,0.00,0.00,0,0,0.00,0.00,0.00,0,0,0.00,0.00,0,0
1535205334,eth0,0.00,0.00,0.00,0,0,0.00,0.00,0.00,0,0,0.00,0.00,0,0
1535205334,total,18186432.00,18192224.00,36378656.00,18192224,18186432,6291.00,6291.00,12582.00,6291,6291,0.00,0.00,0,0
1535205335,s3-eth1,6013348.00,66132.00,6079480.00,66132,6013348,1094.00,1002.00,2096.00,1002,1094,0.00,0.00,0,0
1535205335,s1-eth2,66132.00,6013348.00,6079480.00,6013348,66132,1002.00,1094.00,2096.00,1094,1002,0.00,0.00,0,0
1535205335,s2-eth1,6013348.00,66132.00,6079480.00,66132,6013348,1094.00,1002.00,2096.00,1002,1094,0.00,0.00,0,0
1535205335,lo,0.00,0.00,0.00,0,0,0.00,0.00,0.00,0,0,0.00,0.00,0,0
1535205335,s3-eth2,66132.00,6013348.00,6079480.00,6013348,66132,1002.00,1094.00,2096.00,1094,1002,0.00,0.00,0,0
1535205335,s1-eth1,6013348.00,66132.00,6079480.00,66132,6013348,1094.00,1002.00,2096.00,1002,1094,0.00,0.00,0,0
1535205335,s2-eth2,66132.00,6007490.00,6073622.00,6007490,66132,1002.00,1093.00,2095.00,1093,1002,0.00,0.00,0,0
1535205335,eth1,0.00,200.00,200.00,200,0,0.00,1.00,1.00,1,0,0.00,0.00,0,0
1535205335,eth0,280.00,280.00,560.00,280,280,4.00,4.00,8.00,4,4,0.00,0.00,0,0
1535205335,total,18238720.00,18233062.00,36471784.00,18233062,18238720,6292.00,6292.00,12584.00,6292,6292,0.00,0.00,0,0
1535205336,s3-eth1,5993282.00,71610.00,6064892.00,71610,5993282,1141.00,1085.00,2226.00,1085,1141,0.00,0.00,0,0
1535205336,s1-eth2,71610.00,5993282.00,6064892.00,5993282,71610,1085.00,1141.00,2226.00,1141,1085,0.00,0.00,0,0
1535205336,s2-eth1,5993282.00,71610.00,6064892.00,71610,5993282,1141.00,1085.00,2226.00,1085,1141,0.00,0.00,0,0
1535205336,lo,0.00,0.00,0.00,0,0,0.00,0.00,0.00,0,0,0.00,0.00,0,0
1535205336,s3-eth2,71544.00,5993282.00,6064826.00,5993282,71544,1084.00,1141.00,2225.00,1141,1084,0.00,0.00,0,0
1535205336,s1-eth1,5993282.00,71610.00,6064892.00,71610,5993282,1141.00,1085.00,2226.00,1085,1141,0.00,0.00,0,0
1535205336,s2-eth2,71610.00,5993282.00,6064892.00,5993282,71610,1085.00,1141.00,2226.00,1141,1085,0.00,0.00,0,0
1535205336,eth1,0.00,0.00,0.00,0,0,0.00,0.00,0.00,0,0,0.00,0.00,0,0
1535205336,eth0,420.00,420.00,840.00,420,420,7.00,7.00,14.00,7,7,0.00,0.00,0,0
1535205336,total,18195030.00,18195096.00,36390128.00,18195096,18195030,6684.00,6685.00,13369.00,6685,6684,0.00,0.00,0,0
1535205337,s3-eth1,6019206.00,66198.00,6085404.00,66198,6019206,1095.00,1003.00,2098.00,1003,1095,0.00,0.00,0,0
1535205337,s1-eth2,66198.00,6019206.00,6085404.00,6019206,66198,1003.00,1095.00,2098.00,1095,1003,0.00,0.00,0,0
1535205337,s2-eth1,6019206.00,66198.00,6085404.00,66198,6019206,1095.00,1003.00,2098.00,1003,1095,0.00,0.00,0,0
1535205337,lo,0.00,0.00,0.00,0,0,0.00,0.00,0.00,0,0,0.00,0.00,0,0
1535205337,s3-eth2,66264.00,6019206.00,6085470.00,6019206,66264,1004.00,1095.00,2099.00,1095,1004,0.00,0.00,0,0
1535205337,s1-eth1,6019206.00,66198.00,6085404.00,66198,6019206,1095.00,1003.00,2098.00,1003,1095,0.00,0.00,0,0
1535205337,s2-eth2,66198.00,6019206.00,6085404.00,6019206,66198,1003.00,1095.00,2098.00,1095,1003,0.00,0.00,0,0
1535205337,eth1,0.00,0.00,0.00,0,0,0.00,0.00,0.00,0,0,0.00,0.00,0,0
1535205337,eth0,0.00,0.00,0.00,0,0,0.00,0.00,0.00,0,0,0.00,0.00,0,0
1535205337,total,18256278.00,18256212.00,36512488.00,18256212,18256278,6295.00,6294.00,12589.00,6294,6295,0.00,0.00,0,0
1535205338,s3-eth1,6013348.00,66198.00,6079546.00,66198,6013348,1094.00,1003.00,2097.00,1003,1094,0.00,0.00,0,0
1535205338,s1-eth2,66198.00,6013348.00,6079546.00,6013348,66198,1003.00,1094.00,2097.00,1094,1003,0.00,0.00,0,0
1535205338,s2-eth1,6013348.00,66198.00,6079546.00,66198,6013348,1094.00,1003.00,2097.00,1003,1094,0.00,0.00,0,0
1535205338,lo,0.00,0.00,0.00,0,0,0.00,0.00,0.00,0,0,0.00,0.00,0,0
1535205338,s3-eth2,66198.00,6013348.00,6079546.00,6013348,66198,1003.00,1094.00,2097.00,1094,1003,0.00,0.00,0,0
1535205338,s1-eth1,6013348.00,66264.00,6079612.00,66264,6013348,1094.00,1004.00,2098.00,1004,1094,0.00,0.00,0,0
1535205338,s2-eth2,66198.00,6013348.00,6079546.00,6013348,66198,1003.00,1094.00,2097.00,1094,1003,0.00,0.00,0,0
1535205338,eth1,0.00,0.00,0.00,0,0,0.00,0.00,0.00,0,0,0.00,0.00,0,0
1535205338,eth0,0.00,0.00,0.00,0,0,0.00,0.00,0.00,0,0,0.00,0.00,0,0
1535205338,total,18238638.00,18238704.00,36477344.00,18238704,18238638,6291.00,6292.00,12583.00,6292,6291,0.00,0.00,0,0
1535205339,s3-eth1,6001632.00,66132.00,6067764.00,66132,6001632,1092.00,1002.00,2094.00,1002,1092,0.00,0.00,0,0
1535205339,s1-eth2,66132.00,6001632.00,6067764.00,6001632,66132,1002.00,1092.00,2094.00,1092,1002,0.00,0.00,0,0
1535205339,s2-eth1,6001632.00,66132.00,6067764.00,66132,6001632,1092.00,1002.00,2094.00,1002,1092,0.00,0.00,0,0
1535205339,lo,516.00,516.00,1032.00,516,516,9.00,9.00,18.00,9,9,0.00,0.00,0,0
1535205339,s3-eth2,66132.00,6001632.00,6067764.00,6001632,66132,1002.00,1092.00,2094.00,1092,1002,0.00,0.00,0,0
1535205339,s1-eth1,6001632.00,66066.00,6067698.00,66066,6001632,1092.00,1001.00,2093.00,1001,1092,0.00,0.00,0,0
1535205339,s2-eth2,66132.00,6001632.00,6067764.00,6001632,66132,1002.00,1092.00,2094.00,1092,1002,0.00,0.00,0,0
1535205339,eth1,0.00,0.00,0.00,0,0,0.00,0.00,0.00,0,0,0.00,0.00,0,0
1535205339,eth0,0.00,0.00,0.00,0,0,0.00,0.00,0.00,0,0,0.00,0.00,0,0
1535205339,total,18203808.00,18203742.00,36407552.00,18203742,18203808,6291.00,6290.00,12581.00,6290,6291,0.00,0.00,0,0
1535205340,s3-eth1,6019206.00,66198.00,6085404.00,66198,6019206,1095.00,1003.00,2098.00,1003,1095,0.00,0.00,0,0
1535205340,s1-eth2,66264.00,6019206.00,6085470.00,6019206,66264,1004.00,1095.00,2099.00,1095,1004,0.00,0.00,0,0
1535205340,s2-eth1,6019206.00,66264.00,6085470.00,66264,6019206,1095.00,1004.00,2099.00,1004,1095,0.00,0.00,0,0
1535205340,lo,0.00,0.00,0.00,0,0,0.00,0.00,0.00,0,0,0.00,0.00,0,0
1535205340,s3-eth2,66198.00,6019206.00,6085404.00,6019206,66198,1003.00,1095.00,2098.00,1095,1003,0.00,0.00,0,0
1535205340,s1-eth1,6019206.00,66264.00,6085470.00,66264,6019206,1095.00,1004.00,2099.00,1004,1095,0.00,0.00,0,0
1535205340,s2-eth2,66198.00,6019206.00,6085404.00,6019206,66198,1003.00,1095.00,2098.00,1095,1003,0.00,0.00,0,0
1535205340,eth1,0.00,0.00,0.00,0,0,0.00,0.00,0.00,0,0,0.00,0.00,0,0
1535205340,eth0,0.00,0.00,0.00,0,0,0.00,0.00,0.00,0,0,0.00,0.00,0,0
1535205340,total,18256278.00,18256344.00,36512624.00,18256344,18256278,6295.00,6296.00,12591.00,6296,6295,0.00,0.00,0,0
1535205341,s3-eth1,6013348.00,66198.00,6079546.00,66198,6013348,1094.00,1003.00,2097.00,1003,1094,0.00,0.00,0,0
1535205341,s1-eth2,66132.00,6013348.00,6079480.00,6013348,66132,1002.00,1094.00,2096.00,1094,1002,0.00,0.00,0,0
1535205341,s2-eth1,6013348.00,66132.00,6079480.00,66132,6013348,1094.00,1002.00,2096.00,1002,1094,0.00,0.00,0,0
1535205341,lo,0.00,0.00,0.00,0,0,0.00,0.00,0.00,0,0,0.00,0.00,0,0
1535205341,s3-eth2,66198.00,6014862.00,6081060.00,6014862,66198,1003.00,1095.00,2098.00,1095,1003,0.00,0.00,0,0
1535205341,s1-eth1,6013348.00,66198.00,6079546.00,66198,6013348,1094.00,1003.00,2097.00,1003,1094,0.00,0.00,0,0
1535205341,s2-eth2,66198.00,6013348.00,6079546.00,6013348,66198,1003.00,1094.00,2097.00,1094,1003,0.00,0.00,0,0
1535205341,eth1,0.00,0.00,0.00,0,0,0.00,0.00,0.00,0,0,0.00,0.00,0,0
1535205341,eth0,0.00,0.00,0.00,0,0,0.00,0.00,0.00,0,0,0.00,0.00,0,0
1535205341,total,18238572.00,18240086.00,36478656.00,18240086,18238572,6290.00,6291.00,12581.00,6291,6290,0.00,0.00,0,0
1535205342,s3-eth1,6009004.00,66132.00,6075136.00,66132,6009004,1094.00,1002.00,2096.00,1002,1094,0.00,0.00,0,0
1535205342,s1-eth2,66132.00,6009004.00,6075136.00,6009004,66132,1002.00,1094.00,2096.00,1094,1002,0.00,0.00,0,0
1535205342,s2-eth1,6009004.00,66132.00,6075136.00,66132,6009004,1094.00,1002.00,2096.00,1002,1094,0.00,0.00,0,0
1535205342,lo,0.00,0.00,0.00,0,0,0.00,0.00,0.00,0,0,0.00,0.00,0,0
1535205342,s3-eth2,66132.00,6007490.00,6073622.00,6007490,66132,1002.00,1093.00,2095.00,1093,1002,0.00,0.00,0,0
1535205342,s1-eth1,6009004.00,66066.00,6075070.00,66066,6009004,1094.00,1001.00,2095.00,1001,1094,0.00,0.00,0,0
1535205342,s2-eth2,66132.00,6009004.00,6075136.00,6009004,66132,1002.00,1094.00,2096.00,1094,1002,0.00,0.00,0,0
1535205342,eth1,0.00,0.00,0.00,0,0,0.00,0.00,0.00,0,0,0.00,0.00,0,0
1535205342,eth0,0.00,0.00,0.00,0,0,0.00,0.00,0.00,0,0,0.00,0.00,0,0
1535205342,total,18225408.00,18223828.00,36449236.00,18223828,18225408,6288.00,6286.00,12574.00,6286,6288,0.00,0.00,0,0
1535205343,s3-eth1,6001632.00,66066.00,6067698.00,66066,6001632,1092.00,1001.00,2093.00,1001,1092,0.00,0.00,0,0
1535205343,s1-eth2,66066.00,6001632.00,6067698.00,6001632,66066,1001.00,1092.00,2093.00,1092,1001,0.00,0.00,0,0
1535205343,s2-eth1,6001632.00,66066.00,6067698.00,66066,6001632,1092.00,1001.00,2093.00,1001,1092,0.00,0.00,0,0
1535205343,lo,0.00,0.00,0.00,0,0,0.00,0.00,0.00,0,0,0.00,0.00,0,0
1535205343,s3-eth2,66066.00,6001632.00,6067698.00,6001632,66066,1001.00,1092.00,2093.00,1092,1001,0.00,0.00,0,0
1535205343,s1-eth1,6001632.00,66066.00,6067698.00,66066,6001632,1092.00,1001.00,2093.00,1001,1092,0.00,0.00,0,0
1535205343,s2-eth2,66066.00,6001632.00,6067698.00,6001632,66066,1001.00,1092.00,2093.00,1092,1001,0.00,0.00,0,0
1535205343,eth1,0.00,0.00,0.00,0,0,0.00,0.00,0.00,0,0,0.00,0.00,0,0
1535205343,eth0,0.00,0.00,0.00,0,0,0.00,0.00,0.00,0,0,0.00,0.00,0,0
1535205343,total,18203094.00,18203094.00,36406188.00,18203094,18203094,6279.00,6279.00,12558.00,6279,6279,0.00,0.00,0,0
1535205344,s3-eth1,5986042.00,71214.00,6057256.00,71214,5986042,1141.00,1079.00,2220.00,1079,1141,0.00,0.00,0,0
1535205344,s1-eth2,71214.00,5980184.00,6051398.00,5980184,71214,1079.00,1140.00,2219.00,1140,1079,0.00,0.00,0,0
1535205344,s2-eth1,5980184.00,71214.00,6051398.00,71214,5980184,1140.00,1079.00,2219.00,1079,1140,0.00,0.00,0,0
1535205344,lo,516.00,516.00,1032.00,516,516,9.00,9.00,18.00,9,9,0.00,0.00,0,0
1535205344,s3-eth2,71214.00,5986042.00,6057256.00,5986042,71214,1079.00,1141.00,2220.00,1141,1079,0.00,0.00,0,0
1535205344,s1-eth1,5980184.00,71214.00,6051398.00,71214,5980184,1140.00,1079.00,2219.00,1079,1140,0.00,0.00,0,0
1535205344,s2-eth2,71214.00,5986042.00,6057256.00,5986042,71214,1079.00,1141.00,2220.00,1141,1079,0.00,0.00,0,0
1535205344,eth1,0.00,0.00,0.00,0,0,0.00,0.00,0.00,0,0,0.00,0.00,0,0
1535205344,eth0,0.00,0.00,0.00,0,0,0.00,0.00,0.00,0,0,0.00,0.00,0,0
1535205344,total,18160568.00,18166426.00,36326992.00,18166426,18160568,6667.00,6668.00,13335.00,6668,6667,0.00,0.00,0,0
1535205345,s3-eth1,1338153.88,18329.67,1356483.50,18348,1339492,245.75,277.72,523.48,278,246,0.00,0.00,0,0
1535205345,s1-eth2,17670.33,1409892.12,1427562.50,1411302,17688,267.73,258.74,526.47,259,268,0.00,0.00,0,0
1535205345,s2-eth1,1409892.12,17670.33,1427562.50,17688,1411302,258.74,267.73,526.47,268,259,0.00,0.00,0,0
1535205345,lo,0.00,0.00,0.00,0,0,0.00,0.00,0.00,0,0,0.00,0.00,0,0
1535205345,s3-eth2,18989.01,1266415.62,1285404.62,1267682,19008,287.71,232.77,520.48,233,288,0.00,0.00,0,0
1535205345,s1-eth1,1475778.25,17010.99,1492789.25,17028,1477254,270.73,257.74,528.47,258,271,0.00,0.00,0,0
1535205345,s2-eth2,18329.67,1338153.88,1356483.50,1339492,18348,277.72,245.75,523.48,246,278,0.00,0.00,0,0
1535205345,eth1,0.00,0.00,0.00,0,0,0.00,0.00,0.00,0,0,0.00,0.00,0,0
1535205345,eth0,119.88,119.88,239.76,120,120,2.00,2.00,4.00,2,2,0.00,0.00,0,0
1535205345,total,4278933.00,4067592.50,8346525.50,4071660,4283212,1610.39,1542.46,3152.85,1544,1612,0.00,0.00,0,0
1535205346,s3-eth1,0.00,0.00,0.00,0,0,0.00,0.00,0.00,0,0,0.00,0.00,0,0
1535205346,s1-eth2,0.00,0.00,0.00,0,0,0.00,0.00,0.00,0,0,0.00,0.00,0,0
1535205346,s2-eth1,0.00,0.00,0.00,0,0,0.00,0.00,0.00,0,0,0.00,0.00,0,0
1535205346,lo,0.00,0.00,0.00,0,0,0.00,0.00,0.00,0,0,0.00,0.00,0,0
1535205346,s3-eth2,0.00,0.00,0.00,0,0,0.00,0.00,0.00,0,0,0.00,0.00,0,0
1535205346,s1-eth1,0.00,0.00,0.00,0,0,0.00,0.00,0.00,0,0,0.00,0.00,0,0
1535205346,s2-eth2,0.00,0.00,0.00,0,0,0.00,0.00,0.00,0,0,0.00,0.00,0,0
1535205346,eth1,0.00,0.00,0.00,0,0,0.00,0.00,0.00,0,0,0.00,0.00,0,0
1535205346,eth0,419.58,419.58,839.16,420,420,6.99,6.99,13.99,7,7,0.00,0.00,0,0
1535205346,total,419.58,419.58,839.16,420,420,6.99,6.99,13.99,7,7,0.00,0.00,0,0
1535205347,s3-eth1,0.00,0.00,0.00,0,0,0.00,0.00,0.00,0,0,0.00,0.00,0,0
1535205347,s1-eth2,0.00,0.00,0.00,0,0,0.00,0.00,0.00,0,0,0.00,0.00,0,0
1535205347,s2-eth1,0.00,0.00,0.00,0,0,0.00,0.00,0.00,0,0,0.00,0.00,0,0
1535205347,lo,0.00,0.00,0.00,0,0,0.00,0.00,0.00,0,0,0.00,0.00,0,0
1535205347,s3-eth2,0.00,0.00,0.00,0,0,0.00,0.00,0.00,0,0,0.00,0.00,0,0
1535205347,s1-eth1,0.00,0.00,0.00,0,0,0.00,0.00,0.00,0,0,0.00,0.00,0,0
1535205347,s2-eth2,0.00,0.00,0.00,0,0,0.00,0.00,0.00,0,0,0.00,0.00,0,0
1535205347,eth1,0.00,0.00,0.00,0,0,0.00,0.00,0.00,0,0,0.00,0.00,0,0
1535205347,eth0,0.00,0.00,0.00,0,0,0.00,0.00,0.00,0,0,0.00,0.00,0,0
1535205347,total,0.00,0.00,0.00,0,0,0.00,0.00,0.00,0,0,0.00,0.00,0,0
1535205348,s3-eth1,0.00,0.00,0.00,0,0,0.00,0.00,0.00,0,0,0.00,0.00,0,0
1535205348,s1-eth2,0.00,0.00,0.00,0,0,0.00,0.00,0.00,0,0,0.00,0.00,0,0
1535205348,s2-eth1,0.00,0.00,0.00,0,0,0.00,0.00,0.00,0,0,0.00,0.00,0,0
1535205348,lo,0.00,0.00,0.00,0,0,0.00,0.00,0.00,0,0,0.00,0.00,0,0
1535205348,s3-eth2,0.00,0.00,0.00,0,0,0.00,0.00,0.00,0,0,0.00,0.00,0,0
1535205348,s1-eth1,0.00,0.00,0.00,0,0,0.00,0.00,0.00,0,0,0.00,0.00,0,0
1535205348,s2-eth2,0.00,0.00,0.00,0,0,0.00,0.00,0.00,0,0,0.00,0.00,0,0
1535205348,eth1,0.00,0.00,0.00,0,0,0.00,0.00,0.00,0,0,0.00,0.00,0,0
1535205348,eth0,0.00,0.00,0.00,0,0,0.00,0.00,0.00,0,0,0.00,0.00,0,0
1535205348,total,0.00,0.00,0.00,0,0,0.00,0.00,0.00,0,0,0.00,0.00,0,0
1535205349,s3-eth1,0.00,0.00,0.00,0,0,0.00,0.00,0.00,0,0,0.00,0.00,0,0
1535205349,s1-eth2,0.00,0.00,0.00,0,0,0.00,0.00,0.00,0,0,0.00,0.00,0,0
1535205349,s2-eth1,0.00,0.00,0.00,0,0,0.00,0.00,0.00,0,0,0.00,0.00,0,0
1535205349,lo,515.48,515.48,1030.97,516,516,8.99,8.99,17.98,9,9,0.00,0.00,0,0
1535205349,s3-eth2,0.00,0.00,0.00,0,0,0.00,0.00,0.00,0,0,0.00,0.00,0,0
1535205349,s1-eth1,0.00,0.00,0.00,0,0,0.00,0.00,0.00,0,0,0.00,0.00,0,0
1535205349,s2-eth2,0.00,0.00,0.00,0,0,0.00,0.00,0.00,0,0,0.00,0.00,0,0
1535205349,eth1,0.00,0.00,0.00,0,0,0.00,0.00,0.00,0,0,0.00,0.00,0,0
1535205349,eth0,0.00,0.00,0.00,0,0,0.00,0.00,0.00,0,0,0.00,0.00,0,0
1535205349,total,515.48,515.48,1030.97,516,516,8.99,8.99,17.98,9,9,0.00,0.00,0,0
1535205350,s3-eth1,0.00,0.00,0.00,0,0,0.00,0.00,0.00,0,0,0.00,0.00,0,0
1535205350,s1-eth2,0.00,0.00,0.00,0,0,0.00,0.00,0.00,0,0,0.00,0.00,0,0
1535205350,s2-eth1,0.00,0.00,0.00,0,0,0.00,0.00,0.00,0,0,0.00,0.00,0,0
1535205350,lo,0.00,0.00,0.00,0,0,0.00,0.00,0.00,0,0,0.00,0.00,0,0
1535205350,s3-eth2,0.00,0