1535211275,s3-eth1,0.00,0.00,0.00,0,0,0.00,0.00,0.00,0,0,0.00,0.00,0,0
1535211275,s1-eth2,0.00,0.00,0.00,0,0,0.00,0.00,0.00,0,0,0.00,0.00,0,0
1535211275,s2-eth1,0.00,0.00,0.00,0,0,0.00,0.00,0.00,0,0,0.00,0.00,0,0
1535211275,lo,0.00,0.00,0.00,0,0,0.00,0.00,0.00,0,0,0.00,0.00,0,0
1535211275,s3-eth2,0.00,0.00,0.00,0,0,0.00,0.00,0.00,0,0,0.00,0.00,0,0
1535211275,s1-eth1,0.00,0.00,0.00,0,0,0.00,0.00,0.00,0,0,0.00,0.00,0,0
1535211275,s2-eth2,0.00,0.00,0.00,0,0,0.00,0.00,0.00,0,0,0.00,0.00,0,0
1535211275,eth1,0.00,0.00,0.00,0,0,0.00,0.00,0.00,0,0,0.00,0.00,0,0
1535211275,eth0,0.00,0.00,0.00,0,0,0.00,0.00,0.00,0,0,0.00,0.00,0,0
1535211275,total,0.00,0.00,0.00,0,0,0.00,0.00,0.00,0,0,0.00,0.00,0,0
1535211276,s3-eth1,4573700.00,43296.00,4616996.00,43296,4573700,694.00,656.00,1350.00,656,694,0.00,0.00,0,0
1535211276,s1-eth2,43824.00,4507946.00,4551770.00,4507946,43824,664.00,685.00,1349.00,685,664,0.00,0.00,0,0
1535211276,s2-eth1,4507946.00,43824.00,4551770.00,43824,4507946,685.00,664.00,1349.00,664,685,0.00,0.00,0,0
1535211276,lo,0.00,0.00,0.00,0,0,0.00,0.00,0.00,0,0,0.00,0.00,0,0
1535211276,s3-eth2,42702.00,4639454.00,4682156.00,4639454,42702,647.00,703.00,1350.00,703,647,0.00,0.00,0,0
1535211276,s1-eth1,4465888.00,44352.00,4510240.00,44352,4465888,684.00,672.00,1356.00,672,684,0.00,0.00,0,0
1535211276,s2-eth2,43296.00,4573700.00,4616996.00,4573700,43296,656.00,694.00,1350.00,694,656,0.00,0.00,0,0
1535211276,eth1,0.00,0.00,0.00,0,0,0.00,0.00,0.00,0,0,0.00,0.00,0,0
1535211276,eth0,0.00,0.00,0.00,0,0,0.00,0.00,0.00,0,0,0.00,0.00,0,0
1535211276,total,13677356.00,13852572.00,27529928.00,13852572,13677356,4030.00,4074.00,8104.00,4074,4030,0.00,0.00,0,0
1535211277,s3-eth1,5789676.00,59532.00,5849208.00,59532,5789676,974.00,902.00,1876.00,902,974,0.00,0.00,0,0
1535211277,s1-eth2,59664.00,5789478.00,5849142.00,5789478,59664,904.00,971.00,1875.00,971,904,0.00,0.00,0,0
1535211277,s2-eth1,5789478.00,59664.00,5849142.00,59664,5789478,971.00,904.00,1875.00,904,971,0.00,0.00,0,0
1535211277,lo,0.00,0.00,0.00,0,0,0.00,0.00,0.00,0,0,0.00,0.00,0,0
1535211277,s3-eth2,59466.00,5789874.00,5849340.00,5789874,59466,901.00,977.00,1878.00,977,901,0.00,0.00,0,0
1535211277,s1-eth1,5789280.00,59796.00,5849076.00,59796,5789280,968.00,906.00,1874.00,906,968,0.00,0.00,0,0
1535211277,s2-eth2,59598.00,5789676.00,5849274.00,5789676,59598,903.00,974.00,1877.00,974,903,0.00,0.00,0,0
1535211277,eth1,0.00,0.00,0.00,0,0,0.00,0.00,0.00,0,0,0.00,0.00,0,0
1535211277,eth0,0.00,0.00,0.00,0,0,0.00,0.00,0.00,0,0,0.00,0.00,0,0
1535211277,total,17547162.00,17548020.00,35095184.00,17548020,17547162,5621.00,5634.00,11255.00,5634,5621,0.00,0.00,0,0
1535211278,s3-eth1,5948354.00,58938.00,6007292.00,58938,5948354,921.00,893.00,1814.00,893,921,0.00,0.00,0,0
1535211278,s1-eth2,58806.00,5954344.00,6013150.00,5954344,58806,891.00,924.00,1815.00,924,891,0.00,0.00,0,0
1535211278,s2-eth1,5954344.00,58806.00,6013150.00,58806,5954344,924.00,891.00,1815.00,891,924,0.00,0.00,0,0
1535211278,lo,0.00,0.00,0.00,0,0,0.00,0.00,0.00,0,0,0.00,0.00,0,0
1535211278,s3-eth2,59004.00,5952566.00,6011570.00,5952566,59004,894.00,919.00,1813.00,919,894,0.00,0.00,0,0
1535211278,s1-eth1,5948684.00,58674.00,6007358.00,58674,5948684,926.00,889.00,1815.00,889,926,0.00,0.00,0,0
1535211278,s2-eth2,58872.00,5948354.00,6007226.00,5948354,58872,892.00,921.00,1813.00,921,892,0.00,0.00,0,0
1535211278,eth1,0.00,0.00,0.00,0,0,0.00,0.00,0.00,0,0,0.00,0.00,0,0
1535211278,eth0,0.00,0.00,0.00,0,0,0.00,0.00,0.00,0,0,0.00,0.00,0,0
1535211278,total,18028064.00,18031682.00,36059744.00,18031682,18028064,5448.00,5437.00,10885.00,5437,5448,0.00,0.00,0,0
1535211279,s3-eth1,5969026.00,59334.00,6028360.00,59334,5969026,949.00,899.00,1848.00,899,949,0.00,0.00,0,0
1535211279,s1-eth2,59730.00,5962838.00,6022568.00,5962838,59730,905.00,943.00,1848.00,943,905,0.00,0.00,0,0
1535211279,s2-eth1,5962838.00,59730.00,6022568.00,59730,5962838,943.00,905.00,1848.00,905,943,0.00,0.00,0,0
1535211279,lo,516.00,516.00,1032.00,516,516,9.00,9.00,18.00,9,9,0.00,0.00,0,0
1535211279,s3-eth2,59070.00,5965012.00,6024082.00,5965012,59070,895.00,954.00,1849.00,954,895,0.00,0.00,0,0
1535211279,s1-eth1,5968300.00,59994.00,6028294.00,59994,5968300,938.00,909.00,1847.00,909,938,0.00,0.00,0,0
1535211279,s2-eth2,59334.00,5969026.00,6028360.00,5969026,59334,899.00,949.00,1848.00,949,899,0.00,0.00,0,0
1535211279,eth1,0.00,0.00,0.00,0,0,0.00,0.00,0.00,0,0,0.00,0.00,0,0
1535211279,eth0,0.00,0.00,0.00,0,0,0.00,0.00,0.00,0,0,0.00,0.00,0,0
1535211279,total,18078814.00,18076450.00,36155264.00,18076450,18078814,5538.00,5568.00,11106.00,5568,5538,0.00,0.00,0,0
1535211280,s3-eth1,5991170.00,69498.00,6060668.00,69498,5991170,1109.00,1053.00,2162.00,1053,1109,0.00,0.00,0,0
1535211280,s1-eth2,69234.00,5991368.00,6060602.00,5991368,69234,1049.00,1112.00,2161.00,1112,1049,0.00,0.00,0,0
1535211280,s2-eth1,5991368.00,69234.00,6060602.00,69234,5991368,1112.00,1049.00,2161.00,1049,1112,0.00,0.00,0,0
1535211280,lo,0.00,0.00,0.00,0,0,0.00,0.00,0.00,0,0,0.00,0.00,0,0
1535211280,s3-eth2,69696.00,5990972.00,6060668.00,5990972,69696,1056.00,1106.00,2162.00,1106,1056,0.00,0.00,0,0
1535211280,s1-eth1,5991566.00,69102.00,6060668.00,69102,5991566,1115.00,1047.00,2162.00,1047,1115,0.00,0.00,0,0
1535211280,s2-eth2,69498.00,5991170.00,6060668.00,5991170,69498,1053.00,1109.00,2162.00,1109,1053,0.00,0.00,0,0
1535211280,eth1,0.00,0.00,0.00,0,0,0.00,0.00,0.00,0,0,0.00,0.00,0,0
1535211280,eth0,0.00,0.00,0.00,0,0,0.00,0.00,0.00,0,0,0.00,0.00,0,0
1535211280,total,18182532.00,18181344.00,36363876.00,18181344,18182532,6494.00,6476.00,12970.00,6476,6494,0.00,0.00,0,0
1535211281,s3-eth1,5893160.00,64812.00,5957972.00,64812,5893160,1072.00,982.00,2054.00,982,1072,0.00,0.00,0,0
1535211281,s1-eth2,64812.00,5893160.00,5957972.00,5893160,64812,982.00,1072.00,2054.00,1072,982,0.00,0.00,0,0
1535211281,s2-eth1,5893160.00,64812.00,5957972.00,64812,5893160,1072.00,982.00,2054.00,982,1072,0.00,0.00,0,0
1535211281,lo,0.00,0.00,0.00,0,0,0.00,0.00,0.00,0,0,0.00,0.00,0,0
1535211281,s3-eth2,64812.00,5893160.00,5957972.00,5893160,64812,982.00,1072.00,2054.00,1072,982,0.00,0.00,0,0
1535211281,s1-eth1,5893160.00,64812.00,5957972.00,64812,5893160,1072.00,982.00,2054.00,982,1072,0.00,0.00,0,0
1535211281,s2-eth2,64812.00,5893160.00,5957972.00,5893160,64812,982.00,1072.00,2054.00,1072,982,0.00,0.00,0,0
1535211281,eth1,0.00,0.00,0.00,0,0,0.00,0.00,0.00,0,0,0.00,0.00,0,0
1535211281,eth0,90.00,0.00,90.00,0,90,1.00,0.00,1.00,0,1,0.00,0.00,0,0
1535211281,total,17874006.00,17873916.00,35747920.00,17873916,17874006,6163.00,6162.00,12325.00,6162,6163,0.00,0.00,0,0
1535211282,s3-eth1,5894674.00,64944.00,5959618.00,64944,5894674,1073.00,984.00,2057.00,984,1073,0.00,0.00,0,0
1535211282,s1-eth2,64944.00,5894674.00,5959618.00,5894674,64944,984.00,1073.00,2057.00,1073,984,0.00,0.00,0,0
1535211282,s2-eth1,5894674.00,64944.00,5959618.00,64944,5894674,1073.00,984.00,2057.00,984,1073,0.00,0.00,0,0
1535211282,lo,0.00,0.00,0.00,0,0,0.00,0.00,0.00,0,0,0.00,0.00,0,0
1535211282,s3-eth2,64944.00,5894674.00,5959618.00,5894674,64944,984.00,1073.00,2057.00,1073,984,0.00,0.00,0,0
1535211282,s1-eth1,5894674.00,64944.00,5959618.00,64944,5894674,1073.00,984.00,2057.00,984,1073,0.00,0.00,0,0
1535211282,s2-eth2,64944.00,5894674.00,5959618.00,5894674,64944,984.00,1073.00,2057.00,1073,984,0.00,0.00,0,0
1535211282,eth1,0.00,0.00,0.00,0,0,0.00,0.00,0.00,0,0,0.00,0.00,0,0
1535211282,eth0,0.00,0.00,0.00,0,0,0.00,0.00,0.00,0,0,0.00,0.00,0,0
1535211282,total,17878854.00,17878854.00,35757708.00,17878854,17878854,6171.00,6171.00,12342.00,6171,6171,0.00,0.00,0,0
1535211283,s3-eth1,5899616.00,66462.00,5966078.00,66462,5899616,1104.00,1007.00,2111.00,1007,1104,0.00,0.00,0,0
1535211283,s1-eth2,66726.00,5900866.00,5967592.00,5900866,66726,1011.00,1101.00,2112.00,1101,1011,0.00,0.00,0,0
1535211283,s2-eth1,5900866.00,66726.00,5967592.00,66726,5900866,1101.00,1011.00,2112.00,1011,1101,0.00,0.00,0,0
1535211283,lo,0.00,0.00,0.00,0,0,0.00,0.00,0.00,0,0,0.00,0.00,0,0
1535211283,s3-eth2,66198.00,5901328.00,5967526.00,5901328,66198,1003.00,1108.00,2111.00,1108,1003,0.00,0.00,0,0
1535211283,s1-eth1,5897706.00,66990.00,5964696.00,66990,5897706,1097.00,1015.00,2112.00,1015,1097,0.00,0.00,0,0
1535211283,s2-eth2,66462.00,5899616.00,5966078.00,5899616,66462,1007.00,1104.00,2111.00,1104,1007,0.00,0.00,0,0
1535211283,eth1,0.00,0.00,0.00,0,0,0.00,0.00,0.00,0,0,0.00,0.00,0,0
1535211283,eth0,0.00,0.00,0.00,0,0,0.00,0.00,0.00,0,0,0.00,0.00,0,0
1535211283,total,17897574.00,17901988.00,35799560.00,17901988,17897574,6323.00,6346.00,12669.00,6346,6323,0.00,0.00,0,0
1535211284,s3-eth1,5998806.00,70158.00,6068964.00,70158,5998806,1115.00,1063.00,2178.00,1063,1115,0.00,0.00,0,0
1535211284,s1-eth2,69894.00,5997556.00,6067450.00,5997556,69894,1059.00,1118.00,2177.00,1118,1059,0.00,0.00,0,0
1535211284,s2-eth1,5997556.00,69894.00,6067450.00,69894,5997556,1118.00,1059.00,2177.00,1059,1118,0.00,0.00,0,0
1535211284,lo,516.00,516.00,1032.00,516,516,9.00,9.00,18.00,9,9,0.00,0.00,0,0
1535211284,s3-eth2,70422.00,5997094.00,6067516.00,5997094,70422,1067.00,1111.00,2178.00,1111,1067,0.00,0.00,0,0
1535211284,s1-eth1,6000716.00,69564.00,6070280.00,69564,6000716,1122.00,1054.00,2176.00,1054,1122,0.00,0.00,0,0
1535211284,s2-eth2,70158.00,5998806.00,6068964.00,5998806,70158,1063.00,1115.00,2178.00,1115,1063,0.00,0.00,0,0
1535211284,eth1,0.00,0.00,0.00,0,0,0.00,0.00,0.00,0,0,0.00,0.00,0,0
1535211284,eth0,0.00,0.00,0.00,0,0,0.00,0.00,0.00,0,0,0.00,0.00,0,0
1535211284,total,18208068.00,18203588.00,36411656.00,18203588,18208068,6553.00,6529.00,13082.00,6529,6553,0.00,0.00,0,0
1535211285,s3-eth1,5972342.00,65736.00,6038078.00,65736,5972342,1087.00,996.00,2083.00,996,1087,0.00,0.00,0,0
1535211285,s1-eth2,65736.00,5972342.00,6038078.00,5972342,65736,996.00,1087.00,2083.00,1087,996,0.00,0.00,0,0
1535211285,s2-eth1,5972342.00,65736.00,6038078.00,65736,5972342,1087.00,996.00,2083.00,996,1087,0.00,0.00,0,0
1535211285,lo,0.00,0.00,0.00,0,0,0.00,0.00,0.00,0,0,0.00,0.00,0,0
1535211285,s3-eth2,65736.00,5972342.00,6038078.00,5972342,65736,996.00,1087.00,2083.00,1087,996,0.00,0.00,0,0
1535211285,s1-eth1,5972342.00,65802.00,6038144.00,65802,5972342,1087.00,997.00,2084.00,997,1087,0.00,0.00,0,0
1535211285,s2-eth2,65736.00,5972342.00,6038078.00,5972342,65736,996.00,1087.00,2083.00,1087,996,0.00,0.00,0,0
1535211285,eth1,0.00,0.00,0.00,0,0,0.00,0.00,0.00,0,0,0.00,0.00,0,0
1535211285,eth0,0.00,0.00,0.00,0,0,0.00,0.00,0.00,0,0,0.00,0.00,0,0
1535211285,total,18114234.00,18114300.00,36228536.00,18114300,18114234,6249.00,6250.00,12499.00,6250,6249,0.00,0.00,0,0
1535211286,s3-eth1,5941538.00,65340.00,6006878.00,65340,5941538,1081.00,990.00,2071.00,990,1081,0.00,0.00,0,0
1535211286,s1-eth2,65340.00,5941538.00,6006878.00,5941538,65340,990.00,1081.00,2071.00,1081,990,0.00,0.00,0,0
1535211286,s2-eth1,5941538.00,65340.00,6006878.00,65340,5941538,1081.00,990.00,2071.00,990,1081,0.00,0.00,0,0
1535211286,lo,0.00,0.00,0.00,0,0,0.00,0.00,0.00,0,0,0.00,0.00,0,0
1535211286,s3-eth2,65340.00,5941538.00,6006878.00,5941538,65340,990.00,1081.00,2071.00,1081,990,0.00,0.00,0,0
1535211286,s1-eth1,5941538.00,65340.00,6006878.00,65340,5941538,1081.00,990.00,2071.00,990,1081,0.00,0.00,0,0
1535211286,s2-eth2,65340.00,5941538.00,6006878.00,5941538,65340,990.00,1081.00,2071.00,1081,990,0.00,0.00,0,0
1535211286,eth1,0.00,200.00,200.00,200,0,0.00,1.00,1.00,1,0,0.00,0.00,0,0
1535211286,eth0,0.00,0.00,0.00,0,0,0.00,0.00,0.00,0,0,0.00,0.00,0,0
1535211286,total,18020634.00,18020834.00,36041468.00,18020834,18020634,6213.00,6214.00,12427.00,6214,6213,0.00,0.00,0,0
1535211287,s3-eth1,5899018.00,64944.00,5963962.00,64944,5899018,1073.00,984.00,2057.00,984,1073,0.00,0.00,0,0
1535211287,s1-eth2,64944.00,5899018.00,5963962.00,5899018,64944,984.00,1073.00,2057.00,1073,984,0.00,0.00,0,0
1535211287,s2-eth1,5899018.00,64944.00,5963962.00,64944,5899018,1073.00,984.00,2057.00,984,1073,0.00,0.00,0,0
1535211287,lo,0.00,0.00,0.00,0,0,0.00,0.00,0.00,0,0,0.00,0.00,0,0
1535211287,s3-eth2,64944.00,5899018.00,5963962.00,5899018,64944,984.00,1073.00,2057.00,1073,984,0.00,0.00,0,0
1535211287,s1-eth1,5899018.00,65010.00,5964028.00,65010,5899018,1073.00,985.00,2058.00,985,1073,0.00,0.00,0,0
1535211287,s2-eth2,64944.00,5899018.00,5963962.00,5899018,64944,984.00,1073.00,2057.00,1073,984,0.00,0.00,0,0
1535211287,eth1,0.00,0.00,0.00,0,0,0.00,0.00,0.00,0,0,0.00,0.00,0,0
1535211287,eth0,0.00,0.00,0.00,0,0,0.00,0.00,0.00,0,0,0.00,0.00,0,0
1535211287,total,17891886.00,17891952.00,35783840.00,17891952,17891886,6171.00,6172.00,12343.00,6172,6171,0.00,0.00,0,0
1535211288,s3-eth1,5918106.00,65208.00,5983314.00,65208,5918106,1077.00,988.00,2065.00,988,1077,0.00,0.00,0,0
1535211288,s1-eth2,65208.00,5918106.00,5983314.00,5918106,65208,988.00,1077.00,2065.00,1077,988,0.00,0.00,0,0
1535211288,s2-eth1,5918106.00,65208.00,5983314.00,65208,5918106,1077.00,988.00,2065.00,988,1077,0.00,0.00,0,0
1535211288,lo,0.00,0.00,0.00,0,0,0.00,0.00,0.00,0,0,0.00,0.00,0,0
1535211288,s3-eth2,65208.00,5918106.00,5983314.00,5918106,65208,988.00,1077.00,2065.00,1077,988,0.00,0.00,0,0
1535211288,s1-eth1,5918106.00,65142.00,5983248.00,65142,5918106,1077.00,987.00,2064.00,987,1077,0.00,0.00,0,0
1535211288,s2-eth2,65208.00,5918106.00,5983314.00,5918106,65208,988.00,1077.00,2065.00,1077,988,0.00,0.00,0,0
1535211288,eth1,0.00,0.00,0.00,0,0,0.00,0.00,0.00,0,0,0.00,0.00,0,0
1535211288,eth0,0.00,0.00,0.00,0,0,0.00,0.00,0.00,0,0,0.00,0.00,0,0
1535211288,total,17949942.00,17949876.00,35899816.00,17949876,17949942,6195.00,6194.00,12389.00,6194,6195,0.00,0.00,0,0
1535211289,s3-eth1,5964970.00,65736.00,6030706.00,65736,5964970,1085.00,996.00,2081.00,996,1085,0.00,0.00,0,0
1535211289,s1-eth2,65736.00,5964970.00,6030706.00,5964970,65736,996.00,1085.00,2081.00,1085,996,0.00,0.00,0,0
1535211289,s2-eth1,5964970.00,65736.00,6030706.00,65736,5964970,1085.00,996.00,2081.00,996,1085,0.00,0.00,0,0
1535211289,lo,516.00,516.00,1032.00,516,516,9.00,9.00,18.00,9,9,0.00,0.00,0,0
1535211289,s3-eth2,65670.00,5964970.00,6030640.00,5964970,65670,995.00,1085.00,2080.00,1085,995,0.00,0.00,0,0
1535211289,s1-eth1,5964970.00,65670.00,6030640.00,65670,5964970,1085.00,995.00,2080.00,995,1085,0.00,0.00,0,0
1535211289,s2-eth2,65736.00,5964970.00,6030706.00,5964970,65736,996.00,1085.00,2081.00,1085,996,0.00,0.00,0,0
1535211289,eth1,0.00,0.00,0.00,0,0,0.00,0.00,0.00,0,0,0.00,0.00,0,0
1535211289,eth0,0.00,0.00,0.00,0,0,0.00,0.00,0.00,0,0,0.00,0.00,0,0
1535211289,total,18092568.00,18092568.00,36185136.00,18092568,18092568,6251.00,6251.00,12502.00,6251,6251,0.00,0.00,0,0
1535211290,s3-eth1,5941538.00,65274.00,6006812.00,65274,5941538,1081.00,989.00,2070.00,989,1081,0.00,0.00,0,0
1535211290,s1-eth2,65274.00,5941538.00,6006812.00,5941538,65274,989.00,1081.00,2070.00,1081,989,0.00,0.00,0,0
1535211290,s2-eth1,5941538.00,65274.00,6006812.00,65274,5941538,1081.00,989.00,2070.00,989,1081,0.00,0.00,0,0
1535211290,lo,0.00,0.00,0.00,0,0,0.00,0.00,0.00,0,0,0.00,0.00,0,0
1535211290,s3-eth2,65340.00,5941538.00,6006878.00,5941538,65340,990.00,1081.00,2071.00,1081,990,0.00,0.00,0,0
1535211290,s1-eth1,5941538.00,65340.00,6006878.00,65340,5941538,1081.00,990.00,2071.00,990,1081,0.00,0.00,0,0
1535211290,s2-eth2,65274.00,5941538.00,6006812.00,5941538,65274,989.00,1081.00,2070.00,1081,989,0.00,0.00,0,0
1535211290,eth1,0.00,0.00,0.00,0,0,0.00,0.00,0.00,0,0,0.00,0.00,0,0
1535211290,eth0,0.00,0.00,0.00,0,0,0.00,0.00,0.00,0,0,0.00,0.00,0,0
1535211290,total,18020502.00,18020502.00,36041004.00,18020502,18020502,6211.00,6211.00,12422.00,6211,6211,0.00,0.00,0,0
1535211291,s3-eth1,5888816.00,64878.00,5953694.00,64878,5888816,1072.00,983.00,2055.00,983,1072,0.00,0.00,0,0
1535211291,s1-eth2,64878.00,5888816.00,5953694.00,5888816,64878,983.00,1072.00,2055.00,1072,983,0.00,0.00,0,0
1535211291,s2-eth1,5888816.00,64878.00,5953694.00,64878,5888816,1072.00,983.00,2055.00,983,1072,0.00,0.00,0,0
1535211291,lo,0.00,0.00,0.00,0,0,0.00,0.00,0.00,0,0,0.00,0.00,0,0
1535211291,s3-eth2,64878.00,5888816.00,5953694.00,5888816,64878,983.00,1072.00,2055.00,1072,983,0.00,0.00,0,0
1535211291,s1-eth1,5888816.00,64878.00,5953694.00,64878,5888816,1072.00,983.00,2055.00,983,1072,0.00,0.00,0,0
1535211291,s2-eth2,64878.00,5888816.00,5953694.00,5888816,64878,983.00,1072.00,2055.00,1072,983,0.00,0.00,0,0
1535211291,eth1,0.00,0.00,0.00,0,0,0.00,0.00,0.00,0,0,0.00,0.00,0,0
1535211291,eth0,0.00,0.00,0.00,0,0,0.00,0.00,0.00,0,0,0.00,0.00,0,0
1535211291,total,17861082.00,17861082.00,35722164.00,17861082,17861082,6165.00,6165.00,12330.00,6165,6165,0.00,0.00,0,0
1535211292,s3-eth1,5916592.00,65208.00,5981800.00,65208,5916592,1076.00,988.00,2064.00,988,1076,0.00,0.00,0,0
1535211292,s1-eth2,65208.00,5916592.00,5981800.00,5916592,65208,988.00,1076.00,2064.00,1076,988,0.00,0.00,0,0
1535211292,s2-eth1,5916592.00,65208.00,5981800.00,65208,5916592,1076.00,988.00,2064.00,988,1076,0.00,0.00,0,0
1535211292,lo,0.00,0.00,0.00,0,0,0.00,0.00,0.00,0,0,0.00,0.00,0,0
1535211292,s3-eth2,65208.00,5916592.00,5981800.00,5916592,65208,988.00,1076.00,2064.00,1076,988,0.00,0.00,0,0
1535211292,s1-eth1,5916592.00,65208.00,5981800.00,65208,5916592,1076.00,988.00,2064.00,988,1076,0.00,0.00,0,0
1535211292,s2-eth2,65208.00,5916592.00,5981800.00,5916592,65208,988.00,1076.00,2064.00,1076,988,0.00,0.00,0,0
1535211292,eth1,0.00,0.00,0.00,0,0,0.00,0.00,0.00,0,0,0.00,0.00,0,0
1535211292,eth0,0.00,0.00,0.00,0,0,0.00,0.00,0.00,0,0,0.00,0.00,0,0
1535211292,total,17945400.00,17945400.00,35890800.00,17945400,17945400,6192.00,6192.00,12384.00,6192,6192,0.00,0.00,0,0
1535211293,s3-eth1,5875586.00,64680.00,5940266.00,64680,5875586,1069.00,980.00,2049.00,980,1069,0.00,0.00,0,0
1535211293,s1-eth2,64680.00,5875586.00,5940266.00,5875586,64680,980.00,1069.00,2049.00,1069,980,0.00,0.00,0,0
1535211293,s2-eth1,5875586.00,64680.00,5940266.00,64680,5875586,1069.00,980.00,2049.00,980,1069,0.00,0.00,0,0
1535211293,lo,0.00,0.00,0.00,0,0,0.00,0.00,0.00,0,0,0.00,0.00,0,0
1535211293,s3-eth2,64680.00,5875586.00,5940266.00,5875586,64680,980.00,1069.00,2049.00,1069,980,0.00,0.00,0,0
1535211293,s1-eth1,5875586.00,64680.00,5940266.00,64680,5875586,1069.00,980.00,2049.00,980,1069,0.00,0.00,0,0
1535211293,s2-eth2,64680.00,5875586.00,5940266.00,5875586,64680,980.00,1069.00,2049.00,1069,980,0.00,0.00,0,0
1535211293,eth1,0.00,0.00,0.00,0,0,0.00,0.00,0.00,0,0,0.00,0.00,0,0
1535211293,eth0,0.00,0.00,0.00,0,0,0.00,0.00,0.00,0,0,0.00,0.00,0,0
1535211293,total,17820798.00,17820798.00,35641596.00,17820798,17820798,6147.00,6147.00,12294.00,6147,6147,0.00,0.00,0,0
1535211294,s3-eth1,5834580.00,64218.00,5898798.00,64218,5834580,1062.00,973.00,2035.00,973,1062,0.00,0.00,0,0
1535211294,s1-eth2,64218.00,5834580.00,5898798.00,5834580,64218,973.00,1062.00,2035.00,1062,973,0.00,0.00,0,0
1535211294,s2-eth1,5834580.00,64218.00,5898798.00,64218,5834580,1062.00,973.00,2035.00,973,1062,0.00,0.00,0,0
1535211294,lo,516.00,516.00,1032.00,516,516,9.00,9.00,18.00,9,9,0.00,0.00,0,0
1535211294,s3-eth2,64218.00,5840438.00,5904656.00,5840438,64218,973.00,1063.00,2036.00,1063,973,0.00,0.00,0,0
1535211294,s1-eth1,5834580.00,64152.00,5898732.00,64152,5834580,1062.00,972.00,2034.00,972,1062,0.00,0.00,0,0
1535211294,s2-eth2,64218.00,5834580.00,5898798.00,5834580,64218,973.00,1062.00,2035.00,1062,973,0.00,0.00,0,0
1535211294,eth1,0.00,0.00,0.00,0,0,0.00,0.00,0.00,0,0,0.00,0.00,0,0
1535211294,eth0,0.00,0.00,0.00,0,0,0.00,0.00,0.00,0,0,0.00,0.00,0,0
1535211294,total,17696910.00,17702702.00,35399612.00,17702702,17696910,6114.00,6114.00,12228.00,6114,6114,0.00,0.00,0,0
1535211295,s3-eth1,5761256.00,63426.00,5824682.00,63426,5761256,1048.00,961.00,2009.00,961,1048,0.00,0.00,0,0
1535211295,s1-eth2,63492.00,5761256.00,5824748.00,5761256,63492,962.00,1048.00,2010.00,1048,962,0.00,0.00,0,0
1535211295,s2-eth1,5761256.00,63492.00,5824748.00,63492,5761256,1048.00,962.00,2010.00,962,1048,0.00,0.00,0,0
1535211295,lo,0.00,0.00,0.00,0,0,0.00,0.00,0.00,0,0,0.00,0.00,0,0
1535211295,s3-eth2,63558.00,5786202.00,5849760.00,5786202,63558,963.00,1053.00,2016.00,1053,963,0.00,0.00,0,0
1535211295,s1-eth1,5761256.00,63558.00,5824814.00,63558,5761256,1048.00,963.00,2011.00,963,1048,0.00,0.00,0,0
1535211295,s2-eth2,63426.00,5761256.00,5824682.00,5761256,63426,961.00,1048.00,2009.00,1048,961,0.00,0.00,0,0
1535211295,eth1,0.00,0.00,0.00,0,0,0.00,0.00,0.00,0,0,0.00,0.00,0,0
1535211295,eth0,0.00,0.00,0.00,0,0,0.00,0.00,0.00,0,0,0.00,0.00,0,0
1535211295,total,17474244.00,17499190.00,34973432.00,17499190,17474244,6030.00,6035.00,12065.00,6035,6030,0.00,0.00,0,0
1535211296,s3-eth1,5409410.00,59485.54,5468895.50,59664,5425638,984.05,901.30,1885.34,904,987,0.00,0.00,0,0
1535211296,s1-eth2,59419.74,5403569.50,5462989.00,5419780,59598,900.30,983.05,1883.35,986,903,0.00,0.00,0,0
1535211296,s2-eth1,5403569.50,59419.74,5462989.00,59598,5419780,983.05,900.30,1883.35,903,986,0.00,0.00,0,0
1535211296,lo,0.00,0.00,0.00,0,0,0.00,0.00,0.00,0,0,0.00,0.00,0,0
1535211296,s3-eth2,59353.94,5403569.50,5462923.50,5419780,59532,899.30,983.05,1882.35,986,902,0.00,0.00,0,0
1535211296,s1-eth1,5403569.50,59288.14,5462857.50,59466,5419780,983.05,898.31,1881.36,901,986,0.00,0.00,0,0
1535211296,s2-eth2,59485.54,5409410.00,5468895.50,5425638,59664,901.30,984.05,1885.34,987,904,0.00,0.00,0,0
1535211296,eth1,0.00,0.00,0.00,0,0,0.00,0.00,0.00,0,0,0.00,0.00,0,0
1535211296,eth0,0.00,0.00,0.00,0,0,0.00,0.00,0.00,0,0,0.00,0.00,0,0
1535211296,total,16394808.00,16394742.00,32789550.00,16443926,16443992,5651.05,5650.05,11301.10,5667,5668,0.00,0.00,0,0
1535211297,s3-eth1,5961434.00,74448.00,6035882.00,74448,5961434,1185.00,1128.00,2313.00,1128,1185,0.00,0.00,0,0
1535211297,s1-eth2,74448.00,5955576.00,6030024.00,5955576,74448,1128.00,1184.00,2312.00,1184,1128,0.00,0.00,0,0
1535211297,s2-eth1,5955576.00,74448.00,6030024.00,74448,5955576,1184.00,1128.00,2312.00,1128,1184,0.00,0.00,0,0
1535211297,lo,0.00,0.00,0.00,0,0,0.00,0.00,0.00,0,0,0.00,0.00,0,0
1535211297,s3-eth2,74448.00,5959920.00,6034368.00,5959920,74448,1128.00,1184.00,2312.00,1184,1128,0.00,0.00,0,0
1535211297,s1-eth1,5948204.00,74580.00,6022784.00,74580,5948204,1182.00,1130.00,2312.00,1130,1182,0.00,0.00,0,0
1535211297,s2-eth2,74448.00,5961434.00,6035882.00,5961434,74448,1128.00,1185.00,2313.00,1185,1128,0.00,0.00,0,0
1535211297,eth1,0.00,0.00,0.00,0,0,0.00,0.00,0.00,0,0,0.00,0.00,0,0
1535211297,eth0,0.00,0.00,0.00,0,0,0.00,0.00,0.00,0,0,0.00,0.00,0,0
1535211297,total,18088558.00,18100406.00,36188964.00,18100406,18088558,6935.00,6939.00,13874.00,6939,6935,0.00,0.00,0,0
1535211298,s3-eth1,6001632.00,66066.00,6067698.00,66066,6001632,1092.00,1001.00,2093.00,1001,1092,0.00,0.00,0,0
1535211298,s1-eth2,66132.00,6001632.00,6067764.00,6001632,66132,1002.00,1092.00,2094.00,1092,1002,0.00,0.00,0,0
1535211298,s2-eth1,6001632.00,66132.00,6067764.00,66132,6001632,1092.00,1002.00,2094.00,1002,1092,0.00,0.00,0,0
1535211298,lo,0.00,0.00,0.00,0,0,0.00,0.00,0.00,0,0,0.00,0.00,0,0
1535211298,s3-eth2,66066.00,6001632.00,6067698.00,6001632,66066,1001.00,1092.00,2093.00,1092,1001,0.00,0.00,0,0
1535211298,s1-eth1,6001632.00,66132.00,6067764.00,66132,6001632,1092.00,1002.00,2094.00,1002,1092,0.00,0.00,0,0
1535211298,s2-eth2,66066.00,6001632.00,6067698.00,6001632,66066,1001.00,1092.00,2093.00,1092,1001,0.00,0.00,0,0
1535211298,eth1,0.00,0.00,0.00,0,0,0.00,0.00,0.00,0,0,0.00,0.00,0,0
1535211298,eth0,0.00,0.00,0.00,0,0,0.00,0.00,0.00,0,0,0.00,0.00,0,0
1535211298,total,18203160.00,18203226.00,36406384.00,18203226,18203160,6280.00,6281.00,12561.00,6281,6280,0.00,0.00,0,0
1535211299,s3-eth1,5964970.00,65802.00,6030772.00,65802,5964970,1085.00,997.00,2082.00,997,1085,0.00,0.00,0,0
1535211299,s1-eth2,65670.00,5964970.00,6030640.00,5964970,65670,995.00,1085.00,2080.00,1085,995,0.00,0.00,0,0
1535211299,s2-eth1,5964970.00,65670.00,6030640.00,65670,5964970,1085.00,995.00,2080.00,995,1085,0.00,0.00,0,0
1535211299,lo,516.00,516.00,1032.00,516,516,9.00,9.00,18.00,9,9,0.00,0.00,0,0
1535211299,s3-eth2,65802.00,5972342.00,6038144.00,5972342,65802,997.00,1087.00,2084.00,1087,997,0.00,0.00,0,0
1535211299,s1-eth1,5966484.00,65670.00,6032154.00,65670,5966484,1086.00,995.00,2081.00,995,1086,0.00,0.00,0,0
1535211299,s2-eth2,65802.00,5964970.00,6030772.00,5964970,65802,997.00,1085.00,2082.00,1085,997,0.00,0.00,0,0
1535211299,eth1,0.00,0.00,0.00,0,0,0.00,0.00,0.00,0,0,0.00,0.00,0,0
1535211299,eth0,0.00,0.00,0.00,0,0,0.00,0.00,0.00,0,0,0.00,0.00,0,0
1535211299,total,18094214.00,18099940.00,36194152.00,18099940,18094214,6254.00,6253.00,12507.00,6253,6254,0.00,0.00,0,0
1535211300,s3-eth1,5731966.00,63228.00,5795194.00,63228,5731966,1043.00,958.00,2001.00,958,1043,0.00,0.00,0,0
1535211300,s1-eth2,63294.00,5731966.00,5795260.00,5731966,63294,959.00,1043.00,2002.00,1043,959,0.00,0.00,0,0
1535211300,s2-eth1,5731966.00,63294.00,5795260.00,63294,5731966,1043.00,959.00,2002.00,959,1043,0.00,0.00,0,0
1535211300,lo,0.00,0.00,0.00,0,0,0.00,0.00,0.00,0,0,0.00,0.00,0,0
1535211300,s3-eth2,63162.00,5737824.00,5800986.00,5737824,63162,957.00,1044.00,2001.00,1044,957,0.00,0.00,0,0
1535211300,s1-eth1,5737824.00,63228.00,5801052.00,63228,5737824,1044.00,958.00,2002.00,958,1044,0.00,0.00,0,0
1535211300,s2-eth2,63228.00,5731966.00,5795194.00,5731966,63228,958.00,1043.00,2001.00,1043,958,0.00,0.00,0,0
1535211300,eth1,0.00,0.00,0.00,0,0,0.00,0.00,0.00,0,0,0.00,0.00,0,0
1535211300,eth0,0.00,0.00,0.00,0,0,0.00,0.00,0.00,0,0,0.00,0.00,0,0
1535211300,total,17391440.00,17391506.00,34782944.00,17391506,17391440,6004.00,6005.00,12009.00,6005,6004,0.00,0.00,0,0
1535211301,s3-eth1,5507592.00,65208.00,5572800.00,65208,5507592,1044.00,988.00,2032.00,988,1044,0.00,0.00,0,0
1535211301,s1-eth2,65208.00,5511936.00,5577144.00,5511936,65208,988.00,1044.00,2032.00,1044,988,0.00,0.00,0,0
1535211301,s2-eth1,5511936.00,65208.00,5577144.00,65208,5511936,1044.00,988.00,2032.00,988,1044,0.00,0.00,0,0
1535211301,lo,0.00,0.00,0.00,0,0,0.00,0.00,0.00,0,0,0.00,0.00,0,0
1535211301,s3-eth2,65274.00,5514898.00,5580172.00,5514898,65274,989.00,1045.00,2034.00,1045,989,0.00,0.00,0,0
1535211301,s1-eth1,5511936.00,65274.00,5577210.00,65274,5511936,1044.00,989.00,2033.00,989,1044,0.00,0.00,0,0
1535211301,s2-eth2,65208.00,5507592.00,5572800.00,5507592,65208,988.00,1044.00,2032.00,1044,988,0.00,0.00,0,0
1535211301,eth1,0.00,0.00,0.00,0,0,0.00,0.00,0.00,0,0,0.00,0.00,0,0
1535211301,eth0,0.00,0.00,0.00,0,0,0.00,0.00,0.00,0,0,0.00,0.00,0,0
1535211301,total,16727154.00,16730116.00,33457270.00,16730116,16727154,6097.00,6098.00,12195.00,6098,6097,0.00,0.00,0,0
1535211302,s3-eth1,5988402.00,65868.00,6054270.00,65868,5988402,1089.00,998.00,2087.00,998,1089,0.00,0.00,0,0
1535211302,s1-eth2,65868.00,5984058.00,6049926.00,5984058,65868,998.00,1089.00,2087.00,1089,998,0.00,0.00,0,0
1535211302,s2-eth1,5984058.00,65868.00,6049926.00,65868,5984058,1089.00,998.00,2087.00,998,1089,0.00,0.00,0,0
1535211302,lo,0.00,0.00,0.00,0,0,0.00,0.00,0.00,0,0,0.00,0.00,0,0
1535211302,s3-eth2,65868.00,5986954.00,6052822.00,5986954,65868,998.00,1089.00,2087.00,1089,998,0.00,0.00,0,0
1535211302,s1-eth1,5984058.00,65868.00,6049926.00,65868,5984058,1089.00,998.00,2087.00,998,1089,0.00,0.00,0,0
1535211302,s2-eth2,65868.00,5988402.00,6054270.00,5988402,65868,998.00,1089.00,2087.00,1089,998,0.00,0.00,0,0
1535211302,eth1,0.00,0.00,0.00,0,0,0.00,0.00,0.00,0,0,0.00,0.00,0,0
1535211302,eth0,0.00,0.00,0.00,0,0,0.00,0.00,0.00,0,0,0.00,0.00,0,0
1535211302,total,18154122.00,18157018.00,36311140.00,18157018,18154122,6261.00,6261.00,12522.00,6261,6261,0.00,0.00,0,0
1535211303,s3-eth1,5960668.00,65646.00,6026314.00,65646,5960668,1086.00,995.00,2081.00,995,1086,0.00,0.00,0,0
1535211303,s1-eth2,65712.00,5960668.00,6026380.00,5960668,65712,996.00,1086.00,2082.00,1086,996,0.00,0.00,0,0
1535211303,s2-eth1,5960668.00,65712.00,6026380.00,65712,5960668,1086.00,996.00,2082.00,996,1086,0.00,0.00,0,0
1535211303,lo,888.00,888.00,1776.00,888,888,9.00,9.00,18.00,9,9,0.00,0.00,0,0
1535211303,s3-eth2,65646.00,5959154.00,6024800.00,5959154,65646,995.00,1085.00,2080.00,1085,995,0.00,0.00,0,0
1535211303,s1-eth1,5960668.00,65712.00,6026380.00,65712,5960668,1086.00,996.00,2082.00,996,1086,0.00,0.00,0,0
1535211303,s2-eth2,65646.00,5960668.00,6026314.00,5960668,65646,995.00,1086.00,2081.00,1086,995,0.00,0.00,0,0
1535211303,eth1,0.00,0.00,0.00,0,0,0.00,0.00,0.00,0,0,0.00,0.00,0,0
1535211303,eth0,90.00,0.00,90.00,0,90,1.00,0.00,1.00,0,1,0.00,0.00,0,0
1535211303,total,18079986.00,18078448.00,36158432.00,18078448,18079986,6254.00,6253.00,12507.00,6253,6254,0.00,0.00,0,0
1535211304,s3-eth1,5989916.00,66000.00,6055916.00,66000,5989916,1090.00,1000.00,2090.00,1000,1090,0.00,0.00,0,0
1535211304,s1-eth2,65934.00,5994260.00,6060194.00,5994260,65934,999.00,1090.00,2089.00,1090,999,0.00,0.00,0,0
1535211304,s2-eth1,5994260.00,65934.00,6060194.00,65934,5994260,1090.00,999.00,2089.00,999,1090,0.00,0.00,0,0
1535211304,lo,0.00,0.00,0.00,0,0,0.00,0.00,0.00,0,0,0.00,0.00,0,0
1535211304,s3-eth2,66000.00,5989916.00,6055916.00,5989916,66000,1000.00,1090.00,2090.00,1090,1000,0.00,0.00,0,0
1535211304,s1-eth1,5994260.00,65934.00,6060194.00,65934,5994260,1090.00,999.00,2089.00,999,1090,0.00,0.00,0,0
1535211304,s2-eth2,66000.00,5989916.00,6055916.00,5989916,66000,1000.00,1090.00,2090.00,1090,1000,0.00,0.00,0,0
1535211304,eth1,0.00,0.00,0.00,0,0,0.00,0.00,0.00,0,0,0.00,0.00,0,0
1535211304,eth0,0.00,0.00,0.00,0,0,0.00,0.00,0.00,0,0,0.00,0.00,0,0
1535211304,total,18176370.00,18171960.00,36348328.00,18171960,18176370,6269.00,6268.00,12537.00,6268,6269,0.00,0.00,0,0
1535211305,s3-eth1,5959112.00,65538.00,6024650.00,65538,5959112,1084.00,993.00,2077.00,993,1084,0.00,0.00,0,0
1535211305,s1-eth2,65538.00,5954768.00,6020306.00,5954768,65538,993.00,1084.00,2077.00,1084,993,0.00,0.00,0,0
1535211305,s2-eth1,5954768.00,65538.00,6020306.00,65538,5954768,1084.00,993.00,2077.00,993,1084,0.00,0.00,0,0
1535211305,lo,0.00,0.00,0.00,0,0,0.00,0.00,0.00,0,0,0.00,0.00,0,0
1535211305,s3-eth2,65538.00,5941538.00,6007076.00,5941538,65538,993.00,1081.00,2074.00,1081,993,0.00,0.00,0,0
1535211305,s1-eth1,5954768.00,65538.00,6020306.00,65538,5954768,1084.00,993.00,2077.00,993,1084,0.00,0.00,0,0
1535211305,s2-eth2,65538.00,5959112.00,6024650.00,5959112,65538,993.00,1084.00,2077.00,1084,993,0.00,0.00,0,0
1535211305,eth1,0.00,0.00,0.00,0,0,0.00,0.00,0.00,0,0,0.00,0.00,0,0
1535211305,eth0,0.00,0.00,0.00,0,0,0.00,0.00,0.00,0,0,0.00,0.00,0,0
1535211305,total,18065262.00,18052032.00,36117296.00,18052032,18065262,6231.00,6228.00,12459.00,6228,6231,0.00,0.00,0,0
1535211306,s3-eth1,5989916.00,66066.00,6055982.00,66066,5989916,1090.00,1001.00,2091.00,1001,1090,0.00,0.00,0,0
1535211306,s1-eth2,66066.00,5989916.00,6055982.00,5989916,66066,1001.00,1090.00,2091.00,1090,1001,0.00,0.00,0,0
1535211306,s2-eth1,5989916.00,66066.00,6055982.00,66066,5989916,1090.00,1001.00,2091.00,1001,1090,0.00,0.00,0,0
1535211306,lo,0.00,0.00,0.00,0,0,0.00,0.00,0.00,0,0,0.00,0.00,0,0
1535211306,s3-eth2,66066.00,5989916.00,6055982.00,5989916,66066,1001.00,1090.00,2091.00,1090,1001,0.00,0.00,0,0
1535211306,s1-eth1,5989916.00,66066.00,6055982.00,66066,5989916,1090.00,1001.00,2091.00,1001,1090,0.00,0.00,0,0
1535211306,s2-eth2,66066.00,5989916.00,6055982.00,5989916,66066,1001.00,1090.00,2091.00,1090,1001,0.00,0.00,0,0
1535211306,eth1,0.00,0.00,0.00,0,0,0.00,0.00,0.00,0,0,0.00,0.00,0,0
1535211306,eth0,90.00,0.00,90.00,0,90,1.00,0.00,1.00,0,1,0.00,0.00,0,0
1535211306,total,18168036.00,18167946.00,36335984.00,18167946,18168036,6274.00,6273.00,12547.00,6273,6274,0.00,0.00,0,0
1535211307,s3-eth1,5858012.00,64416.00,5922428.00,64416,5858012,1066.00,976.00,2042.00,976,1066,0.00,0.00,0,0
1535211307,s1-eth2,64350.00,5844782.00,5909132.00,5844782,64350,975.00,1063.00,2038.00,1063,975,0.00,0.00,0,0
1535211307,s2-eth1,5844782.00,64350.00,5909132.00,64350,5844782,1063.00,975.00,2038.00,975,1063,0.00,0.00,0,0
1535211307,lo,516.00,516.00,1032.00,516,516,9.00,9.00,18.00,9,9,0.00,0.00,0,0
1535211307,s3-eth2,64350.00,5863870.00,5928220.00,5863870,64350,975.00,1067.00,2042.00,1067,975,0.00,0.00,0,0
1535211307,s1-eth1,5838924.00,64350.00,5903274.00,64350,5838924,1062.00,975.00,2037.00,975,1062,0.00,0.00,0,0
1535211307,s2-eth2,64416.00,5858012.00,5922428.00,5858012,64416,976.00,1066.00,2042.00,1066,976,0.00,0.00,0,0
1535211307,eth1,0.00,0.00,0.00,0,0,0.00,0.00,0.00,0,0,0.00,0.00,0,0
1535211307,eth0,0.00,0.00,0.00,0,0,0.00,0.00,0.00,0,0,0.00,0.00,0,0
1535211307,total,17735350.00,17760296.00,35495648.00,17760296,17735350,6126.00,6131.00,12257.00,6131,6126,0.00,0.00,0,0
1535211308,s3-eth1,5916592.00,65076.00,5981668.00,65076,5916592,1076.00,986.00,2062.00,986,1076,0.00,0.00,0,0
1535211308,s1-eth2,65142.00,5918106.00,5983248.00,5918106,65142,987.00,1077.00,2064.00,1077,987,0.00,0.00,0,0
1535211308,s2-eth1,5918106.00,65142.00,5983248.00,65142,5918106,1077.00,987.00,2064.00,987,1077,0.00,0.00,0,0
1535211308,lo,0.00,0.00,0.00,0,0,0.00,0.00,0.00,0,0,0.00,0.00,0,0
1535211308,s3-eth2,65076.00,5918106.00,5983182.00,5918106,65076,986.00,1077.00,2063.00,1077,986,0.00,0.00,0,0
1535211308,s1-eth1,5918106.00,65142.00,5983248.00,65142,5918106,1077.00,987.00,2064.00,987,1077,0.00,0.00,0,0
1535211308,s2-eth2,65076.00,5916592.00,5981668.00,5916592,65076,986.00,1076.00,2062.00,1076,986,0.00,0.00,0,0
1535211308,eth1,0.00,0.00,0.00,0,0,0.00,0.00,0.00,0,0,0.00,0.00,0,0
1535211308,eth0,60.00,60.00,120.00,60,60,1.00,1.00,2.00,1,1,0.00,0.00,0,0
1535211308,total,17948158.00,17948224.00,35896384.00,17948224,17948158,6190.00,6191.00,12381.00,6191,6190,0.00,0.00,0,0
1535211309,s3-eth1,5947396.00,65406.00,6012802.00,65406,5947396,1082.00,991.00,2073.00,991,1082,0.00,0.00,0,0
1535211309,s1-eth2,65472.00,5947396.00,6012868.00,5947396,65472,992.00,1082.00,2074.00,1082,992,0.00,0.00,0,0
1535211309,s2-eth1,5947396.00,65472.00,6012868.00,65472,5947396,1082.00,992.00,2074.00,992,1082,0.00,0.00,0,0
1535211309,lo,0.00,0.00,0.00,0,0,0.00,0.00,0.00,0,0,0.00,0.00,0,0
1535211309,s3-eth2,65472.00,5953254.00,6018726.00,5953254,65472,992.00,1083.00,2075.00,1083,992,0.00,0.00,0,0
1535211309,s1-eth1,5947396.00,65472.00,6012868.00,65472,5947396,1082.00,992.00,2074.00,992,1082,0.00,0.00,0,0
1535211309,s2-eth2,65406.00,5947396.00,6012802.00,5947396,65406,991.00,1082.00,2073.00,1082,991,0.00,0.00,0,0
1535211309,eth1,0.00,0.00,0.00,0,0,0.00,0.00,0.00,0,0,0.00,0.00,0,0
1535211309,eth0,0.00,0.00,0.00,0,0,0.00,0.00,0.00,0,0,0.00,0.00,0,0
1535211309,total,18038538.00,18044396.00,36082936.00,18044396,18038538,6221.00,6222.00,12443.00,6222,6221,0.00,0.00,0,0
1535211310,s3-eth1,5929822.00,65274.00,5995096.00,65274,5929822,1079.00,989.00,2068.00,989,1079,0.00,0.00,0,0
1535211310,s1-eth2,65208.00,5929822.00,5995030.00,5929822,65208,988.00,1079.00,2067.00,1079,988,0.00,0.00,0,0
1535211310,s2-eth1,5929822.00,65208.00,5995030.00,65208,5929822,1079.00,988.00,2067.00,988,1079,0.00,0.00,0,0
1535211310,lo,0.00,0.00,0.00,0,0,0.00,0.00,0.00,0,0,0.00,0.00,0,0
1535211310,s3-eth2,65274.00,5929822.00,5995096.00,5929822,65274,989.00,1079.00,2068.00,1079,989,0.00,0.00,0,0
1535211310,s1-eth1,5929822.00,65208.00,5995030.00,65208,5929822,1079.00,988.00,2067.00,988,1079,0.00,0.00,0,0
1535211310,s2-eth2,65274.00,5929822.00,5995096.00,5929822,65274,989.00,1079.00,2068.00,1079,989,0.00,0.00,0,0
1535211310,eth1,0.00,0.00,0.00,0,0,0.00,0.00,0.00,0,0,0.00,0.00,0,0
1535211310,eth0,0.00,0.00,0.00,0,0,0.00,0.00,0.00,0,0,0.00,0.00,0,0
1535211310,total,17985222.00,17985156.00,35970376.00,17985156,17985222,6203.00,6202.00,12405.00,6202,6203,0.00,0.00,0,0
1535211311,s3-eth1,5724004.00,63030.00,5787034.00,63030,5724004,1054.00,955.00,2009.00,955,1054,0.00,0.00,0,0
1535211311,s1-eth2,63162.00,5716368.00,5779530.00,5716368,63162,957.00,1048.00,2005.00,1048,957,0.00,0.00,0,0
1535211311,s2-eth1,5716368.00,63162.00,5779530.00,63162,5716368,1048.00,957.00,2005.00,957,1048,0.00,0.00,0,0
1535211311,lo,0.00,0.00,0.00,0,0,0.00,0.00,0.00,0,0,0.00,0.00,0,0
1535211311,s3-eth2,62964.00,5722820.00,5785784.00,5722820,62964,954.00,1058.00,2012.00,1058,954,0.00,0.00,0,0
1535211311,s1-eth1,5721962.00,63228.00,5785190.00,63228,5721962,1045.00,958.00,2003.00,958,1045,0.00,0.00,0,0
1535211311,s2-eth2,63030.00,5724004.00,5787034.00,5724004,63030,955.00,1054.00,2009.00,1054,955,0.00,0.00,0,0
1535211311,eth1,0.00,0.00,0.00,0,0,0.00,0.00,0.00,0,0,0.00,0.00,0,0
1535211311,eth0,0.00,0.00,0.00,0,0,0.00,0.00,0.00,0,0,0.00,0.00,0,0
1535211311,total,17351490.00,17352612.00,34704104.00,17352612,17351490,6013.00,6030.00,12043.00,6030,6013,0.00,0.00,0,0
1535211312,s3-eth1,5895544.00,72732.00,5968276.00,72732,5895544,1152.00,1102.00,2254.00,1102,1152,0.00,0.00,0,0
1535211312,s1-eth2,72600.00,5879748.00,5952348.00,5879748,72600,1100.00,1154.00,2254.00,1154,1100,0.00,0.00,0,0
1535211312,s2-eth1,5879748.00,72600.00,5952348.00,72600,5879748,1154.00,1100.00,2254.00,1100,1154,0.00,0.00,0,0
1535211312,lo,516.00,516.00,1032.00,516,516,9.00,9.00,18.00,9,9,0.00,0.00,0,0
1535211312,s3-eth2,72798.00,5890870.00,5963668.00,5890870,72798,1103.00,1147.00,2250.00,1147,1103,0.00,0.00,0,0
1535211312,s1-eth1,5880012.00,72534.00,5952546.00,72534,5880012,1158.00,1099.00,2257.00,1099,1158,0.00,0.00,0,0
1535211312,s2-eth2,72732.00,5895544.00,5968276.00,5895544,72732,1102.00,1152.00,2254.00,1152,1102,0.00,0.00,0,0
1535211312,eth1,0.00,0.00,0.00,0,0,0.00,0.00,0.00,0,0,0.00,0.00,0,0
1535211312,eth0,0.00,0.00,0.00,0,0,0.00,0.00,0.00,0,0,0.00,0.00,0,0
1535211312,total,17873950.00,17884544.00,35758496.00,17884544,17873950,6778.00,6763.00,13541.00,6763,6778,0.00,0.00,0,0
1535211313,s3-eth1,5989916.00,65934.00,6055850.00,65934,5989916,1090.00,999.00,2089.00,999,1090,0.00,0.00,0,0
1535211313,s1-eth2,65934.00,5989916.00,6055850.00,5989916,65934,999.00,1090.00,2089.00,1090,999,0.00,0.00,0,0
1535211313,s2-eth1,5989916.00,65934.00,6055850.00,65934,5989916,1090.00,999.00,2089.00,999,1090,0.00,0.00,0,0
1535211313,lo,0.00,0.00,0.00,0,0,0.00,0.00,0.00,0,0,0.00,0.00,0,0
1535211313,s3-eth2,65934.00,5989916.00,6055850.00,5989916,65934,999.00,1090.00,2089.00,1090,999,0.00,0.00,0,0
1535211313,s1-eth1,5989916.00,65934.00,6055850.00,65934,5989916,1090.00,999.00,2089.00,999,1090,0.00,0.00,0,0
1535211313,s2-eth2,65934.00,5989916.00,6055850.00,5989916,65934,999.00,1090.00,2089.00,1090,999,0.00,0.00,0,0
1535211313,eth1,0.00,0.00,0.00,0,0,0.00,0.00,0.00,0,0,0.00,0.00,0,0
1535211313,eth0,0.00,0.00,0.00,0,0,0.00,0.00,0.00,0,0,0.00,0.00,0,0
1535211313,total,18167550.00,18167550.00,36335100.00,18167550,18167550,6267.00,6267.00,12534.00,6267,6267,0.00,0.00,0,0
1535211314,s3-eth1,5978200.00,65802.00,6044002.00,65802,5978200,1088.00,997.00,2085.00,997,1088,0.00,0.00,0,0
1535211314,s1-eth2,65802.00,5976686.00,6042488.00,5976686,65802,997.00,1087.00,2084.00,1087,997,0.00,0.00,0,0
1535211314,s2-eth1,5976686.00,65802.00,6042488.00,65802,5976686,1087.00,997.00,2084.00,997,1087,0.00,0.00,0,0
1535211314,lo,0.00,0.00,0.00,0,0,0.00,0.00,0.00,0,0,0.00,0.00,0,0
1535211314,s3-eth2,65802.00,5976686.00,6042488.00,5976686,65802,997.00,1087.00,2084.00,1087,997,0.00,0.00,0,0
1535211314,s1-eth1,5976686.00,65802.00,6042488.00,65802,5976686,1087.00,997.00,2084.00,997,1087,0.00,0.00,0,0
1535211314,s2-eth2,65802.00,5978200.00,6044002.00,5978200,65802,997.00,1088.00,2085.00,1088,997,0.00,0.00,0,0
1535211314,eth1,0.00,0.00,0.00,0,0,0.00,0.00,0.00,0,0,0.00,0.00,0,0
1535211314,eth0,0.00,0.00,0.00,0,0,0.00,0.00,0.00,0,0,0.00,0.00,0,0
1535211314,total,18128978.00,18128978.00,36257956.00,18128978,18128978,6253.00,6253.00,12506.00,6253,6253,0.00,0.00,0,0
1535211315,s3-eth1,5906390.00,64944.00,5971334.00,64944,5906390,1075.00,984.00,2059.00,984,1075,0.00,0.00,0,0
1535211315,s1-eth2,64944.00,5900532.00,5965476.00,5900532,64944,984.00,1074.00,2058.00,1074,984,0.00,0.00,0,0
1535211315,s2-eth1,5900532.00,64944.00,5965476.00,64944,5900532,1074.00,984.00,2058.00,984,1074,0.00,0.00,0,0
1535211315,lo,0.00,0.00,0.00,0,0,0.00,0.00,0.00,0,0,0.00,0.00,0,0
1535211315,s3-eth2,64944.00,5894674.00,5959618.00,5894674,64944,984.00,1073.00,2057.00,1073,984,0.00,0.00,0,0
1535211315,s1-eth1,5900532.00,64944.00,5965476.00,64944,5900532,1074.00,984.00,2058.00,984,1074,0.00,0.00,0,0
1535211315,s2-eth2,64944.00,5906390.00,5971334.00,5906390,64944,984.00,1075.00,2059.00,1075,984,0.00,0.00,0,0
1535211315,eth1,0.00,0.00,0.00,0,0,0.00,0.00,0.00,0,0,0.00,0.00,0,0
1535211315,eth0,0.00,0.00,0.00,0,0,0.00,0.00,0.00,0,0,0.00,0.00,0,0
1535211315,total,17902286.00,17896428.00,35798712.00,17896428,17902286,6175.00,6174.00,12349.00,6174,6175,0.00,0.00,0,0
1535211316,s3-eth1,5982544.00,65802.00,6048346.00,65802,5982544,1088.00,997.00,2085.00,997,1088,0.00,0.00,0,0
1535211316,s1-eth2,65868.00,5982544.00,6048412.00,5982544,65868,998.00,1088.00,2086.00,1088,998,0.00,0.00,0,0
1535211316,s2-eth1,5982544.00,65868.00,6048412.00,65868,5982544,1088.00,998.00,2086.00,998,1088,0.00,0.00,0,0
1535211316,lo,0.00,0.00,0.00,0,0,0.00,0.00,0.00,0,0,0.00,0.00,0,0
1535211316,s3-eth2,65802.00,5982544.00,6048346.00,5982544,65802,997.00,1088.00,2085.00,1088,997,0.00,0.00,0,0
1535211316,s1-eth1,5982544.00,65868.00,6048412.00,65868,5982544,1088.00,998.00,2086.00,998,1088,0.00,0.00,0,0
1535211316,s2-eth2,65868.00,5982544.00,6048412.00,5982544,65868,998.00,1088.00,2086.00,1088,998,0.00,0.00,0,0
1535211316,eth1,0.00,200.00,200.00,200,0,0.00,1.00,1.00,1,0,0.00,0.00,0,0
1535211316,eth0,0.00,0.00,0.00,0,0,0.00,0.00,0.00,0,0,0.00,0.00,0,0
1535211316,total,18145170.00,18145370.00,36290540.00,18145370,18145170,6257.00,6258.00,12515.00,6258,6257,0.00,0.00,0,0
1535211317,s3-eth1,5953254.00,65538.00,6018792.00,65538,5953254,1083.00,993.00,2076.00,993,1083,0.00,0.00,0,0
1535211317,s1-eth2,65472.00,5948910.00,6014382.00,5948910,65472,992.00,1083.00,2075.00,1083,992,0.00,0.00,0,0
1535211317,s2-eth1,5948910.00,65472.00,6014382.00,65472,5948910,1083.00,992.00,2075.00,992,1083,0.00,0.00,0,0
1535211317,lo,516.00,516.00,1032.00,516,516,9.00,9.00,18.00,9,9,0.00,0.00,0,0
1535211317,s3-eth2,65604.00,5948910.00,6014514.00,5948910,65604,994.00,1083.00,2077.00,1083,994,0.00,0.00,0,0
1535211317,s1-eth1,5948910.00,65472.00,6014382.00,65472,5948910,1083.00,992.00,2075.00,992,1083,0.00,0.00,0,0
1535211317,s2-eth2,65472.00,5953254.00,6018726.00,5953254,65472,992.00,1083.00,2075.00,1083,992,0.00,0.00,0,0
1535211317,eth1,0.00,0.00,0.00,0,0,0.00,0.00,0.00,0,0,0.00,0.00,0,0
1535211317,eth0,90.00,0.00,90.00,0,90,1.00,0.00,1.00,0,1,0.00,0.00,0,0
1535211317,total,18048228.00,18048072.00,36096300.00,18048072,18048228,6237.00,6235.00,12472.00,6235,6237,0.00,0.00,0,0
1535211318,s3-eth1,5984058.00,65934.00,6049992.00,65934,5984058,1089.00,999.00,2088.00,999,1089,0.00,0.00,0,0
1535211318,s1-eth2,65934.00,5982544.00,6048478.00,5982544,65934,999.00,1088.00,2087.00,1088,999,0.00,0.00,0,0
1535211318,s2-eth1,5982544.00,65934.00,6048478.00,65934,5982544,1088.00,999.00,2087.00,999,1088,0.00,0.00,0,0
1535211318,lo,0.00,0.00,0.00,0,0,0.00,0.00,0.00,0,0,0.00,0.00,0,0
1535211318,s3-eth2,65868.00,5982544.00,6048412.00,5982544,65868,998.00,1088.00,2086.00,1088,998,0.00,0.00,0,0
1535211318,s1-eth1,5982544.00,65934.00,6048478.00,65934,5982544,1088.00,999.00,2087.00,999,1088,0.00,0.00,0,0
1535211318,s2-eth2,65934.00,5984058.00,6049992.00,5984058,65934,999.00,1089.00,2088.00,1089,999,0.00,0.00,0,0
1535211318,eth1,0.00,0.00,0.00,0,0,0.00,0.00,0.00,0,0,0.00,0.00,0,0
1535211318,eth0,0.00,0.00,0.00,0,0,0.00,0.00,0.00,0,0,0.00,0.00,0,0
1535211318,total,18146882.00,18146948.00,36293832.00,18146948,18146882,6261.00,6262.00,12523.00,6262,6261,0.00,0.00,0,0
1535211319,s3-eth1,5984058.00,65802.00,6049860.00,65802,5984058,1089.00,997.00,2086.00,997,1089,0.00,0.00,0,0
1535211319,s1-eth2,65868.00,5984058.00,6049926.00,5984058,65868,998.00,1089.00,2087.00,1089,998,0.00,0.00,0,0
1535211319,s2-eth1,5984058.00,65868.00,6049926.00,65868,5984058,1089.00,998.00,2087.00,998,1089,0.00,0.00,0,0
1535211319,lo,0.00,0.00,0.00,0,0,0.00,0.00,0.00,0,0,0.00,0.00,0,0
1535211319,s3-eth2,65802.00,5984058.00,6049860.00,5984058,65802,997.00,1089.00,2086.00,1089,997,0.00,0.00,0,0
1535211319,s1-eth1,5984058.00,65868.00,6049926.00,65868,5984058,1089.00,998.00,2087.00,998,1089,0.00,0.00,0,0
1535211319,s2-eth2,65802.00,5984058.00,6049860.00,5984058,65802,997.00,1089.00,2086.00,1089,997,0.00,0.00,0,0
1535211319,eth1,0.00,0.00,0.00,0,0,0.00,0.00,0.00,0,0,0.00,0.00,0,0
1535211319,eth0,90.00,0.00,90.00,0,90,1.00,0.00,1.00,0,1,0.00,0.00,0,0
1535211319,total,18149736.00,18149712.00,36299448.00,18149712,18149736,6260.00,6260.00,12520.00,6260,6260,0.00,0.00,0,0
1535211320,s3-eth1,5984058.00,65934.00,6049992.00,65934,5984058,1089.00,999.00,2088.00,999,1089,0.00,0.00,0,0
1535211320,s1-eth2,65868.00,5984058.00,6049926.00,5984058,65868,998.00,1089.00,2087.00,1089,998,0.00,0.00,0,0
1535211320,s2-eth1,5984058.00,65868.00,6049926.00,65868,5984058,1089.00,998.00,2087.00,998,1089,0.00,0.00,0,0
1535211320,lo,0.00,0.00,0.00,0,0,0.00,0.00,0.00,0,0,0.00,0.00,0,0
1535211320,s3-eth2,65934.00,5984058.00,6049992.00,5984058,65934,999.00,1089.00,2088.00,1089,999,0.00,0.00,0,0
1535211320,s1-eth1,5984058.00,65868.00,6049926.00,65868,5984058,1089.00,998.00,2087.00,998,1089,0.00,0.00,0,0
1535211320,s2-eth2,65934.00,5984058.00,6049992.00,5984058,65934,999.00,1089.00,2088.00,1089,999,0.00,0.00,0,0
1535211320,eth1,0.00,0.00,0.00,0,0,0.00,0.00,0.00,0,0,0.00,0.00,0,0
1535211320,eth0,0.00,0.00,0.00,0,0,0.00,0.00,0.00,0,0,0.00,0.00,0,0
1535211320,total,18149910.00,18149844.00,36299752.00,18149844,18149910,6263.00,6262.00,12525.00,6262,6263,0.00,0.00,0,0
1535211321,s3-eth1,5982544.00,65868.00,6048412.00,65868,5982544,1088.00,998.00,2086.00,998,1088,0.00,0.00,0,0
1535211321,s1-eth2,65868.00,5982544.00,6048412.00,5982544,65868,998.00,1088.00,2086.00,1088,998,0.00,0.00,0,0
1535211321,s2-eth1,5982544.00,65868.00,6048412.00,65868,5982544,1088.00,998.00,2086.00,998,1088,0.00,0.00,0,0
1535211321,lo,0.00,0.00,0.00,0,0,0.00,0.00,0.00,0,0,0.00,0.00,0,0
1535211321,s3-eth2,65802.00,5978200.00,6044002.00,5978200,65802,997.00,1088.00,2085.00,1088,997,0.00,0.00,0,0
1535211321,s1-eth1,5982544.00,65868.00,6048412.00,65868,5982544,1088.00,998.00,2086.00,998,1088,0.00,0.00,0,0
1535211321,s2-eth2,65868.00,5982544.00,6048412.00,5982544,65868,998.00,1088.00,2086.00,1088,998,0.00,0.00,0,0
1535211321,eth1,0.00,0.00,0.00,0,0,0.00,0.00,0.00,0,0,0.00,0.00,0,0
1535211321,eth0,0.00,0.00,0.00,0,0,0.00,0.00,0.00,0,0,0.00,0.00,0,0
1535211321,total,18145170.00,18140892.00,36286064.00,18140892,18145170,6257.00,6258.00,12515.00,6258,6257,0.00,0.00,0,0
1535211322,s3-eth1,5984058.00,65802.00,6049860.00,65802,5984058,1089.00,997.00,2086.00,997,1089,0.00,0.00,0,0
1535211322,s1-eth2,65868.00,5984058.00,6049926.00,5984058,65868,998.00,1089.00,2087.00,1089,998,0.00,0.00,0,0
1535211322,s2-eth1,5984058.00,65868.00,6049926.00,65868,5984058,1089.00,998.00,2087.00,998,1089,0.00,0.00,0,0
1535211322,lo,516.00,516.00,1032.00,516,516,9.00,9.00,18.00,9,9,0.00,0.00,0,0
1535211322,s3-eth2,65934.00,5982544.00,6048478.00,5982544,65934,999.00,1088.00,2087.00,1088,999,0.00,0.00,0,0
1535211322,s1-eth1,5984058.00,65868.00,6049926.00,65868,5984058,1089.00,998.00,2087.00,998,1089,0.00,0.00,0,0
1535211322,s2-eth2,65802.00,5984058.00,6049860.00,5984058,65802,997.00,1089.00,2086.00,1089,997,0.00,0.00,0,0
1535211322,eth1,0.00,0.00,0.00,0,0,0.00,0.00,0.00,0,0,0.00,0.00,0,0
1535211322,eth0,0.00,0.00,0.00,0,0,0.00,0.00,0.00,0,0,0.00,0.00,0,0
1535211322,total,18150294.00,18148714.00,36299008.00,18148714,18150294,6270.00,6268.00,12538.00,6268,6270,0.00,0.00,0,0
1535211323,s3-eth1,5912194.00,65142.86,5977337.00,65208,5918106,1075.92,987.01,2062.94,988,1077,0.00,0.00,0,0
1535211323,s1-eth2,65076.93,5912194.00,5977271.00,5918106,65142,986.01,1075.92,2061.94,1077,987,0.00,0.00,0,0
1535211323,s2-eth1,5912194.00,65076.93,5977271.00,65142,5918106,1075.92,986.01,2061.94,987,1077,0.00,0.00,0,0
1535211323,lo,0.00,0.00,0.00,0,0,0.00,0.00,0.00,0,0,0.00,0.00,0,0
1535211323,s3-eth2,65076.93,5912194.00,5977271.00,5918106,65142,986.01,1075.92,2061.94,1077,987,0.00,0.00,0,0
1535211323,s1-eth1,5906293.50,65011.98,5971305.50,65142,5918106,1074.85,985.03,2059.88,987,1077,0.00,0.00,0,0
1535211323,s2-eth2,65077.85,5906293.50,5971371.50,5918106,65208,986.03,1074.85,2060.88,1077,988,0.00,0.00,0,0
1535211323,eth1,0.00,0.00,0.00,0,0,0.00,0.00,0.00,0,0,0.00,0.00,0,0
1535211323,eth0,0.00,0.00,0.00,0,0,0.00,0.00,0.00,0,0,0.00,0.00,0,0
1535211323,total,17913982.00,17913982.00,35827964.00,17949810,17949810,6180.64,6180.64,12361.28,6193,6193,0.00,0.00,0,0
1535211324,s3-eth1,5964970.00,65604.00,6030574.00,65604,5964970,1085.00,994.00,2079.00,994,1085,0.00,0.00,0,0
1535211324,s1-eth2,65604.00,5964970.00,6030574.00,5964970,65604,994.00,1085.00,2079.00,1085,994,0.00,0.00,0,0
1535211324,s2-eth1,5964970.00,65604.00,6030574.00,65604,5964970,1085.00,994.00,2079.00,994,1085,0.00,0.00,0,0
1535211324,lo,0.00,0.00,0.00,0,0,0.00,0.00,0.00,0,0,0.00,0.00,0,0
1535211324,s3-eth2,65604.00,5959112.00,6024716.00,5959112,65604,994.00,1084.00,2078.00,1084,994,0.00,0.00,0,0
1535211324,s1-eth1,5964970.00,65670.00,6030640.00,65670,5964970,1085.00,995.00,2080.00,995,1085,0.00,0.00,0,0
1535211324,s2-eth2,65604.00,5964970.00,6030574.00,5964970,65604,994.00,1085.00,2079.00,1085,994,0.00,0.00,0,0
1535211324,eth1,0.00,0.00,0.00,0,0,0.00,0.00,0.00,0,0,0.00,0.00,0,0
1535211324,eth0,0.00,0.00,0.00,0,0,0.00,0.00,0.00,0,0,0.00,0.00,0,0
1535211324,total,18091722.00,18085930.00,36177652.00,18085930,18091722,6237.00,6237.00,12474.00,6237,6237,0.00,0.00,0,0
1535211325,s3-eth1,5995774.00,66066.00,6061840.00,66066,5995774,1091.00,1001.00,2092.00,1001,1091,0.00,0.00,0,0
1535211325,s1-eth2,66066.00,5995774.00,6061840.00,5995774,66066,1001.00,1091.00,2092.00,1091,1001,0.00,0.00,0,0
1535211325,s2-eth1,5995774.00,66066.00,6061840.00,66066,5995774,1091.00,1001.00,2092.00,1001,1091,0.00,0.00,0,0
1535211325,lo,0.00,0.00,0.00,0,0,0.00,0.00,0.00,0,0,0.00,0.00,0,0
1535211325,s3-eth2,66066.00,5995774.00,6061840.00,5995774,66066,1001.00,1091.00,2092.00,1091,1001,0.00,0.00,0,0
1535211325,s1-eth1,5995774.00,66000.00,6061774.00,66000,5995774,1091.00,1000.00,2091.00,1000,1091,0.00,0.00,0,0
1535211325,s2-eth2,66066.00,5995774.00,6061840.00,5995774,66066,1001.00,1091.00,2092.00,1091,1001,0.00,0.00,0,0
1535211325,eth1,0.00,0.00,0.00,0,0,0.00,0.00,0.00,0,0,0.00,0.00,0,0
1535211325,eth0,0.00,0.00,0.00,0,0,0.00,0.00,0.00,0,0,0.00,0.00,0,0
1535211325,total,18185520.00,18185454.00,36370976.00,18185454,18185520,6276.00,6275.00,12551.00,6275,6276,0.00,0.00,0,0
1535211326,s3-eth1,5929822.00,65340.00,5995162.00,65340,5929822,1079.00,990.00,2069.00,990,1079,0.00,0.00,0,0
1535211326,s1-eth2,65340.00,5935680.00,6001020.00,5935680,65340,990.00,1080.00,2070.00,1080,990,0.00,0.00,0,0
1535211326,s2-eth1,5935680.00,65340.00,6001020.00,65340,5935680,1080.00,990.00,2070.00,990,1080,0.00,0.00,0,0
1535211326,lo,0.00,0.00,0.00,0,0,0.00,0.00,0.00,0,0,0.00,0.00,0,0
1535211326,s3-eth2,65340.00,5929822.00,5995162.00,5929822,65340,990.00,1079.00,2069.00,1079,990,0.00,0.00,0,0
1535211326,s1-eth1,5935680.00,65340.00,6001020.00,65340,5935680,1080.00,990.00,2070.00,990,1080,0.00,0.00,0,0
1535211326,s2-eth2,65340.00,5929822.00,5995162.00,5929822,65340,990.00,1079.00,2069.00,1079,990,0.00,0.00,0,0
1535211326,eth1,0.00,0.00,0.00,0,0,0.00,0.00,0.00,0,0,0.00,0.00,0,0
1535211326,eth0,0.00,0.00,0.00,0,0,0.00,0.00,0.00,0,0,0.00,0.00,0,0
1535211326,total,17997202.00,17991344.00,35988544.00,17991344,17997202,6209.00,6208.00,12417.00,6208,6209,0.00,0.00,0,0
1535211327,s3-eth1,5950960.00,71280.00,6022240.00,71280,5950960,1136.00,1080.00,2216.00,1080,1136,0.00,0.00,0,0
1535211327,s1-eth2,71280.00,5950960.00,6022240.00,5950960,71280,1080.00,1136.00,2216.00,1136,1080,0.00,0.00,0,0
1535211327,s2-eth1,5950960.00,71280.00,6022240.00,71280,5950960,1136.00,1080.00,2216.00,1080,1136,0.00,0.00,0,0
1535211327,lo,516.00,516.00,1032.00,516,516,9.00,9.00,18.00,9,9,0.00,0.00,0,0
1535211327,s3-eth2,71280.00,5950960.00,6022240.00,5950960,71280,1080.00,1136.00,2216.00,1136,1080,0.00,0.00,0,0
1535211327,s1-eth1,5950960.00,71280.00,6022240.00,71280,5950960,1136.00,1080.00,2216.00,1080,1136,0.00,0.00,0,0
1535211327,s2-eth2,71280.00,5950960.00,6022240.00,5950960,71280,1080.00,1136.00,2216.00,1136,1080,0.00,0.00,0,0
1535211327,eth1,0.00,0.00,0.00,0,0,0.00,0.00,0.00,0,0,0.00,0.00,0,0
1535211327,eth0,0.00,0.00,0.00,0,0,0.00,0.00,0.00,0,0,0.00,0.00,0,0
1535211327,total,18067236.00,18067236.00,36134472.00,18067236,18067236,6657.00,6657.00,13314.00,6657,6657,0.00,0.00,0,0
1535211328,s3-eth1,5929822.00,65274.00,5995096.00,65274,5929822,1079.00,989.00,2068.00,989,1079,0.00,0.00,0,0
1535211328,s1-eth2,65208.00,5929822.00,5995030.00,5929822,65208,988.00,1079.00,2067.00,1079,988,0.00,0.00,0,0
1535211328,s2-eth1,5929822.00,65208.00,5995030.00,65208,5929822,1079.00,988.00,2067.00,988,1079,0.00,0.00,0,0
1535211328,lo,0.00,0.00,0.00,0,0,0.00,0.00,0.00,0,0,0.00,0.00,0,0
1535211328,s3-eth2,65274.00,5929822.00,5995096.00,5929822,65274,989.00,1079.00,2068.00,1079,989,0.00,0.00,0,0
1535211328,s1-eth1,5929822.00,65274.00,5995096.00,65274,5929822,1079.00,989.00,2068.00,989,1079,0.00,0.00,0,0
1535211328,s2-eth2,65274.00,5929822.00,5995096.00,5929822,65274,989.00,1079.00,2068.00,1079,989,0.00,0.00,0,0
1535211328,eth1,0.00,0.00,0.00,0,0,0.00,0.00,0.00,0,0,0.00,0.00,0,0
1535211328,eth0,0.00,0.00,0.00,0,0,0.00,0.00,0.00,0,0,0.00,0.00,0,0
1535211328,total,17985222.00,17985222.00,35970444.00,17985222,17985222,6203.00,6203.00,12406.00,6203,6203,0.00,0.00,0,0
1535211329,s3-eth1,5966484.00,65604.00,6032088.00,65604,5966484,1086.00,994.00,2080.00,994,1086,0.00,0.00,0,0
1535211329,s1-eth2,65670.00,5966484.00,6032154.00,5966484,65670,995.00,1086.00,2081.00,1086,995,0.00,0.00,0,0
1535211329,s2-eth1,5966484.00,65670.00,6032154.00,65670,5966484,1086.00,995.00,2081.00,995,1086,0.00,0.00,0,0
1535211329,lo,0.00,0.00,0.00,0,0,0.00,0.00,0.00,0,0,0.00,0.00,0,0
1535211329,s3-eth2,65604.00,5966484.00,6032088.00,5966484,65604,994.00,1086.00,2080.00,1086,994,0.00,0.00,0,0
1535211329,s1-eth1,5966484.00,65604.00,6032088.00,65604,5966484,1086.00,994.00,2080.00,994,1086,0.00,0.00,0,0
1535211329,s2-eth2,65604.00,5966484.00,6032088.00,5966484,65604,994.00,1086.00,2080.00,1086,994,0.00,0.00,0,0
1535211329,eth1,0.00,0.00,0.00,0,0,0.00,0.00,0.00,0,0,0.00,0.00,0,0
1535211329,eth0,0.00,0.00,0.00,0,0,0.00,0.00,0.00,0,0,0.00,0.00,0,0
1535211329,total,18096330.00,18096330.00,36192660.00,18096330,18096330,6241.00,6241.00,12482.00,6241,6241,0.00,0.00,0,0
1535211330,s3-eth1,6025064.00,66330.00,6091394.00,66330,6025064,1096.00,1005.00,2101.00,1005,1096,0.00,0.00,0,0
1535211330,s1-eth2,66330.00,6019206.00,6085536.00,6019206,66330,1005.00,1095.00,2100.00,1095,1005,0.00,0.00,0,0
1535211330,s2-eth1,6019206.00,66330.00,6085536.00,66330,6019206,1095.00,1005.00,2100.00,1005,1095,0.00,0.00,0,0
1535211330,lo,0.00,0.00,0.00,0,0,0.00,0.00,0.00,0,0,0.00,0.00,0,0
1535211330,s3-eth2,66330.00,6025064.00,6091394.00,6025064,66330,1005.00,1096.00,2101.00,1096,1005,0.00,0.00,0,0
1535211330,s1-eth1,6019206.00,66330.00,6085536.00,66330,6019206,1095.00,1005.00,2100.00,1005,1095,0.00,0.00,0,0
1535211330,s2-eth2,66330.00,6025064.00,6091394.00,6025064,66330,1005.00,1096.00,2101.00,1096,1005,0.00,0.00,0,0
1535211330,eth1,0.00,117.00,117.00,117,0,0.00,1.00,1.00,1,0,0.00,0.00,0,0
1535211330,eth0,90.00,0.00,90.00,0,90,1.00,0.00,1.00,0,1,0.00,0.00,0,0
1535211330,total,18262556.00,18268440.00,36530996.00,18268441,18262556,6302.00,6303.00,12605.00,6303,6302,0.00,0.00,0,0
1535211331,s3-eth1,5965012.00,65646.00,6030658.00,65646,5965012,1086.00,995.00,2081.00,995,1086,0.00,0.00,0,0
1535211331,s1-eth2,65646.00,5966526.00,6032172.00,5966526,65646,995.00,1087.00,2082.00,1087,995,0.00,0.00,0,0
1535211331,s2-eth1,5966526.00,65646.00,6032172.00,65646,5966526,1087.00,995.00,2082.00,995,1087,0.00,0.00,0,0
1535211331,lo,0.00,0.00,0.00,0,0,0.00,0.00,0.00,0,0,0.00,0.00,0,0
1535211331,s3-eth2,65646.00,5965012.00,6030658.00,5965012,65646,995.00,1086.00,2081.00,1086,995,0.00,0.00,0,0
1535211331,s1-eth1,5959154.00,65646.00,6024800.00,65646,5959154,1085.00,995.00,2080.00,995,1085,0.00,0.00,0,0
1535211331,s2-eth2,65646.00,5965012.00,6030658.00,5965012,65646,995.00,1086.00,2081.00,1086,995,0.00,0.00,0,0
1535211331,eth1,0.00,0.00,0.00,0,0,0.00,0.00,0.00,0,0,0.00,0.00,0,0
1535211331,eth0,0.00,0.00,0.00,0,0,0.00,0.00,0.00,0,0,0.00,0.00,0,0
1535211331,total,18087630.00,18093488.00,36181120.00,18093488,18087630,6243.00,6244.00,12487.00,6244,6243,0.00,0.00,0,0
1535211332,s3-eth1,5948910.00,65472.00,6014382.00,65472,5948910,1083.00,992.00,2075.00,992,1083,0.00,0.00,0,0
1535211332,s1-eth2,65472.00,5947396.00,6012868.00,5947396,65472,992.00,1082.00,2074.00,1082,992,0.00,0.00,0,0
1535211332,s2-eth1,5947396.00,65472.00,6012868.00,65472,5947396,1082.00,992.00,2074.00,992,1082,0.00,0.00,0,0
1535211332,lo,516.00,516.00,1032.00,516,516,9.00,9.00,18.00,9,9,0.00,0.00,0,0
1535211332,s3-eth2,65538.00,5948910.00,6014448.00,5948910,65538,993.00,1083.00,2076.00,1083,993,0.00,0.00,0,0
1535211332,s1-eth1,5948910.00,65472.00,6014382.00,65472,5948910,1083.00,992.00,2075.00,992,1083,0.00,0.00,0,0
1535211332,s2-eth2,65472.00,5948910.00,6014382.00,5948910,65472,992.00,1083.00,2075.00,1083,992,0.00,0.00,0,0
1535211332,eth1,0.00,0.00,0.00,0,0,0.00,0.00,0.00,0,0,0.00,0.00,0,0
1535211332,eth0,0.00,0.00,0.00,0,0,0.00,0.00,0.00,0,0,0.00,0.00,0,0
1535211332,total,18042214.00,18042148.00,36084360.00,18042148,18042214,6234.00,6233.00,12467.00,6233,6234,0.00,0.00,0,0
1535211333,s3-eth1,5922450.00,65142.00,5987592.00,65142,5922450,1077.00,987.00,2064.00,987,1077,0.00,0.00,0,0
1535211333,s1-eth2,65142.00,5918106.00,5983248.00,5918106,65142,987.00,1077.00,2064.00,1077,987,0.00,0.00,0,0
1535211333,s2-eth1,5918106.00,65142.00,5983248.00,65142,5918106,1077.00,987.00,2064.00,987,1077,0.00,0.00,0,0
1535211333,lo,0.00,0.00,0.00,0,0,0.00,0.00,0.00,0,0,0.00,0.00,0,0
1535211333,s3-eth2,65076.00,5922450.00,5987526.00,5922450,65076,986.00,1077.00,2063.00,1077,986,0.00,0.00,0,0
1535211333,s1-eth1,5922450.00,65208.00,5987658.00,65208,5922450,1077.00,988.00,2065.00,988,1077,0.00,0.00,0,0
1535211333,s2-eth2,65142.00,5922450.00,5987592.00,5922450,65142,987.00,1077.00,2064.00,1077,987,0.00,0.00,0,0
1535211333,eth1,0.00,0.00,0.00,0,0,0.00,0.00,0.00,0,0,0.00,0.00,0,0
1535211333,eth0,0.00,0.00,0.00,0,0,0.00,0.00,0.00,0,0,0.00,0.00,0,0
1535211333,total,17958366.00,17958498.00,35916864.00,17958498,17958366,6191.00,6193.00,12384.00,6193,6191,0.00,0.00,0,0
1535211334,s3-eth1,5960626.00,65670.00,6026296.00,65670,5960626,1085.00,995.00,2080.00,995,1085,0.00,0.00,0,0
1535211334,s1-eth2,65670.00,5964970.00,6030640.00,5964970,65670,995.00,1085.00,2080.00,1085,995,0.00,0.00,0,0
1535211334,s2-eth1,5964970.00,65670.00,6030640.00,65670,5964970,1085.00,995.00,2080.00,995,1085,0.00,0.00,0,0
1535211334,lo,0.00,0.00,0.00,0,0,0.00,0.00,0.00,0,0,0.00,0.00,0,0
1535211334,s3-eth2,65670.00,5960626.00,6026296.00,5960626,65670,995.00,1085.00,2080.00,1085,995,0.00,0.00,0,0
1535211334,s1-eth1,5960626.00,65604.00,6026230.00,65604,5960626,1085.00,994.00,2079.00,994,1085,0.00,0.00,0,0
1535211334,s2-eth2,65670.00,5960626.00,6026296.00,5960626,65670,995.00,1085.00,2080.00,1085,995,0.00,0.00,0,0
1535211334,eth1,0.00,0.00,0.00,0,0,0.00,0.00,0.00,0,0,0.00,0.00,0,0
1535211334,eth0,0.00,0.00,0.00,0,0,0.00,0.00,0.00,0,0,0.00,0.00,0,0
1535211334,total,18083232.00,18083166.00,36166400.00,18083166,18083232,6240.00,6239.00,12479.00,6239,6240,0.00,0.00,0,0
1535211335,s3-eth1,5964970.00,65670.00,6030640.00,65670,5964970,1085.00,995.00,2080.00,995,1085,0.00,0.00,0,0
1535211335,s1-eth2,65670.00,5964970.00,6030640.00,5964970,65670,995.00,1085.00,2080.00,1085,995,0.00,0.00,0,0
1535211335,s2-eth1,5964970.00,65670.00,6030640.00,65670,5964970,1085.00,995.00,2080.00,995,1085,0.00,0.00,0,0
1535211335,lo,0.00,0.00,0.00,0,0,0.00,0.00,0.00,0,0,0.00,0.00,0,0
1535211335,s3-eth2,65670.00,5964970.00,6030640.00,5964970,65670,995.00,1085.00,2080.00,1085,995,0.00,0.00,0,0
1535211335,s1-eth1,5964970.00,65670.00,6030640.00,65670,5964970,1085.00,995.00,2080.00,995,1085,0.00,0.00,0,0
1535211335,s2-eth2,65670.00,5964970.00,6030640.00,5964970,65670,995.00,1085.00,2080.00,1085,995,0.00,0.00,0,0
1535211335,eth1,0.00,0.00,0.00,0,0,0.00,0.00,0.00,0,0,0.00,0.00,0,0
1535211335,eth0,0.00,0.00,0.00,0,0,0.00,0.00,0.00,0,0,0.00,0.00,0,0
1535211335,total,18091920.00,18091920.00,36183840.00,18091920,18091920,6240.00,6240.00,12480.00,6240,6240,0.00,0.00,0,0
1535211336,s3-eth1,5543628.00,70884.00,5614512.00,70884,5543628,1066.00,1074.00,2140.00,1074,1066,0.00,0.00,0,0
1535211336,s1-eth2,70224.00,5669674.00,5739898.00,5669674,70224,1064.00,1089.00,2153.00,1089,1064,0.00,0.00,0,0
1535211336,s2-eth1,5669674.00,70224.00,5739898.00,70224,5669674,1089.00,1064.00,2153.00,1064,1089,0.00,0.00,0,0
1535211336,lo,0.00,0.00,0.00,0,0,0.00,0.00,0.00,0,0,0.00,0.00,0,0
1535211336,s3-eth2,71544.00,5477676.00,5549220.00,5477676,71544,1084.00,1054.00,2138.00,1054,1084,0.00,0.00,0,0
1535211336,s1-eth1,5741484.00,69564.00,5811048.00,69564,5741484,1102.00,1054.00,2156.00,1054,1102,0.00,0.00,0,0
1535211336,s2-eth2,70884.00,5543628.00,5614512.00,5543628,70884,1074.00,1066.00,2140.00,1066,1074,0.00,0.00,0,0
1535211336,eth1,0.00,0.00,0.00,0,0,0.00,0.00,0.00,0,0,0.00,0.00,0,0
1535211336,eth0,0.00,0.00,0.00,0,0,0.00,0.00,0.00,0,0,0.00,0.00,0,0
1535211336,total,17167438.00,16901650.00,34069088.00,16901650,17167438,6479.00,6401.00,12880.00,6401,6479,0.00,0.00,0,0
1535211337,s3-eth1,66.00,0.00,66.00,0,66,1.00,0.00,1.00,0,1,0.00,0.00,0,0
1535211337,s1-eth2,0.00,66.00,66.00,66,0,0.00,1.00,1.00,1,0,0.00,0.00,0,0
1535211337,s2-eth1,66.00,0.00,66.00,0,66,1.00,0.00,1.00,0,1,0.00,0.00,0,0
1535211337,lo,516.00,516.00,1032.00,516,516,9.00,9.00,18.00,9,9,0.00,0.00,0,0
1535211337,s3-eth2,0.00,66.00,66.00,66,0,0.00,1.00,1.00,1,0,0.00,0.00,0,0
1535211337,s1-eth1,66.00,0.00,66.00,0,66,1.00,0.00,1.00,0,1,0.00,0.00,0,0
1535211337,s2-eth2,0.00,66.00,66.00,66,0,0.00,1.00,1.00,1,0,0.00,0.00,0,0
1535211337,eth1,0.00,0.00,0.00,0,0,0.00,0.00,0.00,0,0,0.00,0.00,0,0
1535211337,eth0,0.00,0.00,0.00,0,0,0.00,0.00,0.00,0,0,0.00,0.00,0,0
1535211337,total,714.00,714.00,1428.00,714,714,12.00,12.00,24.00,12,12,0.00,0.00,0,0
1535211338,s3-eth1,0.00,0.00,0.00,0,0,0.00,0.00,0.00,0,0,0.00,0.00,0,0
1535211338,s1-eth2,0.00,0.00,0.00,0,0,0.00,0.00,0.00,0,0,0.00,0.00,0,0
1535211338,s2-eth1,0.00,0.00,0.00,0,0,0.00,0.00,0.00,0,0,0.00,0.00,0,0
1535211338,lo,0.00,0.00,0.00,0,0,0.00,0.00,0.00,0,0,0.00,0.00,0,0
1535211338,s3-eth2,0.00,0.00,0.00,0,0,0.00,0.00,0.00,0,0,0.00,0.00,0,0
1535211338,s1-eth1,0.00,0.00,0.00,0,0,0.00,0.00,0.00,0,0,0.00,0.00,0,0
1535211338,s2-eth2,0.00,0.00,0.00,0,0,0.00,0.00,0.00,0,0,0.00,0.00,0,0
1535211338,eth1,0.00,0.00,0.00,0,0,0.00,0.00,0.00,0,0,0.00,0.00,0,0
1535211338,eth0,0.00,0.00,0.00,0,0,0.00,0.00,0.00,0,0,0.00,0.00,0,0
1535211338,total,0.00,0.00,0.00,0,0,0.00,0.00,0.00,0,0,0.00,0.00,0,0
1535211339,s3-eth1,0.00,0.00,0.00,0,0,0.00,0.00,0.00,0,0,0.00,0.00,0,0
1535211339,s1-eth2,0.00,0.00,0.00,0,0,0.00,0.00,0.00,0,0,0.00,0.00,0,0
1535211339,s2-eth1,0.00,0.00,0.00,0,0,0.00,0.00,0.00,0,0,0.00,0.00,0,0
1535211339,lo,0.00,0.00,0.00,0,0,0.00,0.00,0.00,0,0,0.00,0.00,0,0
1535211339,s3-eth2,0.00,0.00,0.00,0,0,0.00,0.00,0.00,0,0,0.00,0.00,0,0
1535211339,s1-eth1,0.00,0.00,0.00,0,0,0.00,0.00,0.00,0,0,0.00,0.00,0,0
1535211339,s2-eth2,0.00,0.00,0.00,0,0,0.00,0.00,0.00,0,0,0.00,0.00,0,0
1535211339,eth1,0.00,0.00,0.00,0,0,0.00,0.00,0.00,0,0,0.00,0.00,0,0
1535211339,eth0,0.00,0.00,0.00,0,0,0.00,0.00,0.00,0,0,0.00,0.00,0,0
1535211339,total,0.00,0.00,0.00,0,0,0.00,0.00,0.00,0,0,0.00,0.00,0,0
1535211340,s3-eth1,0.00,0.00,0.00,0,0,0.00,0.00,0.00,0,0,0.00,0.00,0,0
1535211340,s1-eth2,0.00,0.00,0.00,0,0,0.00,0.00,0.00,0,0,0.00,0.00,0,0
1535211340,s2-eth1,0.00,0.00,0.00,0,0,0.00,0.00,0.00,0,0,0.00,0.00,0,0
1535211340,lo,0.00,0.00,0.00,0,0,0.00,0.00,0.00,0,0,0.00,0.00,0,0
1535211340,s3-eth2,0.00,0.00,0.00,0,0,0.00,0.00,0.00,0,0,0.00,0.00,0,0
1535211340,s1-eth1,0.00,0.00,0.00,0,0,0.00,0.00,0.00,0,0,0.00,0.00,0,0
1535211340,s2-eth2,0.00,0.00,0.00,0,0,0.00,0.00,0.00,0,0,0.00,0.00,0,0
1535211340,eth1,0.00,0.00,0.00,0,0,0.00,0.00,0.00,0,0,0.00,0.00,0,0
1535211340,eth0,0.00,0.00,0.00,0,0,0.00,0.00,0.00,0,0,0.00,0.00,0,0
1535211340,total,0.00,0.00,0.00,0,0,0.00,0.00,0.00,0,0,0.00,0.00,0,0
1535211341,s3-eth1,0.00,0.00,0.00,0,0,0.00,0.00,0.00,0,0,0.00,0.00,0,0
1535211341,s1-eth2,0.00,0.00,0.00,0,0,0.00,0.00,0.00,0,0,0.00,0.00,0,0
1535211341,s2-eth1,0.00,0.00,0.00,0,0,0.00,0.00,0.00,0,0,0.00,0.00,0,0
1535211341,lo,0.00,0.00,0.00,0,0,0.00,0.00,0.00,0,0,0.00,0.00,0,0
1535211341,s3-eth2,0.00,0.00,0.00,0,0,0.00,0.00,0.00,0,0,0.00,0.00,0,0
1535211341,s1-eth1,0.00,0.00,0.00,0,0,0.00,0.00,0.00,0,0,0.00,0.00,0,0
1535211341,s2-eth2,0.00,0.00,0.00,0,0,0.00,0.00,0.00,0,0,0.00,0.00,0,0
1535211341,eth1,0.00,0.00,0.00,0,0,0.00,0.00,0.00,0,0,0.00,0.00,0,0
1535211341,eth0,0.00,0.00,0.00,0,0,0.00,0.00,0.00,0,0,0.00,0.00,0,0
1535211341,total,0.00,0.00,0.00,0,0,0.00,0.00,0.00,0,0,0.00,0.00,0,0
1535211342,s3-eth1,0.00,0.00,0.00,0,0,0.00,0.00,0.00,0,0,0.00,0.00,0,0
1535211342,s1-eth2,0.00,0.00,0.00,0,0,0.00,0.00,0.00,0,0,0.00,0.00,0,0
1535211342,s2-eth1,0.00,0.00,0.00,0,0,0.00,0.00,0.00,0,0,0.00,0.00,0,0
1535211342,lo,516.00,516.00,1032.00,516,516,9.00,9.00,18.00,9,9,0.00,0.00,0,0
1535211342,s3-eth2,0.00,0.00,0.00,0,0,0.00,0.00,0.00,0,0,0.00,0.00,0,0
1535211342,s1-eth1,0.00,0.00,0.00,0,0,0.00,0.00,0.00,0,0,0.00,0.00,0,0
1535211342,s2-eth2,0.00,0.00,0.00,0,0,0.00,0.00,0.00,0,0,0.00,0.00,0,0
1535211342,eth1,0.00,0.00,0.00,0,0,0.00,0.00,0.00,0,0,0.00,0.00,0,0
1535211342,eth0,0.00,0.00,0.00,0,0,0.00,0.00,0.00,0,0,0.00,0.00,0,0
1535211342,total,516.00,516.00,1032.00,516,516,9.00,9.00,18.00,9,9,0.00,0.00,0,0
1535211343,s3-eth1,0.00,0.00,0.00,0,0,0.00,0.00,0.00,0,0,0.00,0.00,0,0
1535211343,s1-eth2,0.00,0.00,0.00,0,0,0.00,0.00,0.00,0,0,0.00,0.00,0,0
1535211343,s2-eth1,0.00,0.00,0.00,0,0,0.00,0.00,0.00,0,0,0.00,0.00,0,0
1535211343,lo,0.00,0.00,0.00,0,0,0.00,0.00,0.00,0,0,0.00,0.00,0,0
1535211343,s3-eth2,0.00,0.00,0.00,0,0,0.00,0.00,0.00,0,0,0.00,0.00,0,0
1535211343,s1-eth1,0.00,0.00,0.00,0,0,0.00,0.00,0.00,0,0,0.00,0.00,0,0
1